Prey_train;Predator_train
0.9848995828078315;0.7879196662462653
0.9781417666576273;0.8128104944611264
0.9177895778170099;0.7888407839243425
0.8786295681565609;0.7776611808366687
0.8807272701160387;0.7990704311680535
0.8314486203837863;0.7696996956516977
0.8293335894232763;0.7796930351616608
0.762020123841158;0.724164560271666
0.7638926972853832;0.7304092735147575
0.723725581867933;0.6930931132861656
0.7108476357636636;0.6788064779758911
0.6783099331277072;0.643097115973714
0.6740712575537512;0.6318723138924841
0.6600032554743127;0.6092821001738226
0.6479072952896351;0.5868028325277502
0.6182779128383226;0.5474171272332636
0.6592799418186656;0.5687256981945872
0.6511344663208758;0.5455609206172766
0.6145223781531773;0.4986455496756041
0.6275428262930277;0.4918403255692377
0.6254621098052415;0.4723426209653628
0.6312369438221219;0.4583291512162215
0.6447371749726445;0.4492161157349161
0.6550994461890568;0.4372511548140919
0.6610554880942534;0.4220665933010659
0.6515763052239995;0.39746600929920045
0.6854883928313095;0.3991188022316531
0.6922313218242186;0.38441384378265575
0.6939178970783372;0.36735130650629577
0.7058075422140998;0.3560953853980322
0.6956257835969158;0.3344590364503426
0.705770193538951;0.32344268378591656
0.7756020923161553;0.3389356230544951
0.7708729215616776;0.3214250440472159
0.77351572476474;0.3080032046001602
0.78530898855393;0.29893819545185835
0.8063093995571233;0.29380354957206983
0.8621936374664199;0.30118093579443206
0.8563091049832364;0.2872536501221756
0.8941089768145472;0.28858499227175793
0.9290906127244756;0.28914478093658924
0.9544148244098709;0.28706650023866315
0.9986389180273154;0.2910333008517402
1.0362276321955888;0.29340258835219996
1.0466490179659758;0.288770536989345
1.0785904826115906;0.29087079490322515
1.112202937136845;0.2941339975230897
1.1050155023249664;0.28757219115266663
1.1965016510563795;0.30752360334139206
1.1906693605210468;0.30337312210684686
1.212731104759039;0.3075137661839702
1.2608062045961053;0.3194541786297305
1.3353375456581815;0.3394710708386657
1.2722499294587648;0.32588436299943796
1.369689868081185;0.35501560160279433
1.341332774128153;0.35331847120730137
1.4150258028792984;0.38042814940573905
1.404674464179645;0.3871024399751977
1.4702328713185653;0.41707693155372333
1.4701183219996783;0.4310800862399658
1.4532688163904672;0.44224532242695236
1.471082122809749;0.46636204130533143
1.4169248037986883;0.46963574954969134
1.4981896067155311;0.5208946127781361
1.4551714082987843;0.5323141566361135
1.4699077308425783;0.5672288638193349
1.4307214023173036;0.5837193394823658
1.4296430649548648;0.6177736015373391
1.3682281420769822;0.6270115748776892
1.3776797419044935;0.6700725103813795
1.3429252582095097;0.6934145713220398
1.2976249345216753;0.7111056667164348
1.2803803742675615;0.7440610248007273
1.2751930636063409;0.784763842689643
1.1378227184945815;0.7401436851191041
1.159225546840727;0.7951708318116775
1.090239481037829;0.786395794494001
1.0784222747985652;0.8153271529978016
1.0013690428371627;0.7906782534405011
0.9736559017575931;0.799790823571342
0.9566510667282505;0.8141030538398543
0.9016438734386577;0.7914355693170487
0.8886970699657749;0.8009803707092692
0.8732619334271491;0.8044301353224185
0.8231513920592345;0.7713710835459721
0.8137946732024431;0.772143351910339
0.7441915622644406;0.7116067838151584
0.7320289616720881;0.7021949677764896
0.704080728751088;0.6744830746242845
0.6773771806839218;0.645206625596901
0.6870752662648985;0.6479757997314054
0.6750589638930349;0.6278038351919326
0.6895887399307997;0.6299763649496379
0.6307317929177965;0.5639535283369725
0.6260690641193145;0.5459985938415405
0.6408475046045792;0.543373202696995
0.6571216990273023;0.5400915924091694
0.6508629588396694;0.5171249888794143
0.6413993689560533;0.49139304001374806
0.6527616401798746;0.48113229237214983
0.6508278632516471;0.4605804675872362
0.6328477923219753;0.4292333548384044
0.6538751684568297;0.42439880050747736
0.6795153305211169;0.42150085521260167
0.6619112268257361;0.3919741895796249
0.682068840152936;0.3852885776403648
0.692865206074308;0.37312190131454603
0.7349287763660047;0.37716938545634804
0.7081557771049737;0.3463016961664291
0.7279905503143831;0.3392586969814931
0.7640842302171724;0.33944475960786424
0.7658868809501388;0.32453068323479767
0.7766421837265757;0.31413223928105877
0.7904527197808113;0.3054924862387973
0.8085557978978166;0.2989475805008491
0.8594805254515553;0.30444051797387456
0.8588173645173387;0.29191886959112906
0.8889838192281954;0.29050610363396434
0.9563204608718665;0.3010650683948164
0.9439598715635764;0.28693957594415054
0.9900180982238205;0.2912943400114937
1.0251690516633354;0.2927481467454423
0.9813299812510181;0.27275014579384554
1.0870314592423642;0.2949620573155525
1.0875358279795966;0.28903015169327695
1.122184346850209;0.2931001259161761
1.1620939073221805;0.2993596887794074
1.1658971040134019;0.2973223367278375
1.1886422000781927;0.30123827030188843
1.211005213128271;0.30621646818613824
1.3397224127456906;0.3393915084124488
1.273313921558393;0.3245229329533167
1.3367219811908349;0.344211659462996
1.3214070265683762;0.34527615559531916
1.3805637756544897;0.36763003744552647
1.3891279782294756;0.3786127183057216
1.4215224992622353;0.3982530617837881
1.4277388371732465;0.41288079707219566
1.484151074764889;0.4448251391725413
1.4563674804201003;0.4541616299293848
1.4119132610072012;0.45980894755221946
1.4902106650642266;0.5085542888509874
1.49964157001103;0.5379674573892032
1.4762013667915372;0.5582128770899276
1.4804121970623427;0.5915048764837921
1.501362611998099;0.6350813526159867
1.4082516880099205;0.6315879593292685
1.3735907570144086;0.6537989665088646
1.3168981939315925;0.6655301020983103
1.3952884281966336;0.7486330651980281
1.3292046687277794;0.7566772105571727
1.2754012598998092;0.7694301505597171
1.1931771854413187;0.7615396698854249
1.1956967778868968;0.805597111048311
1.0967932539902627;0.7779852927943074
1.048555350223063;0.780624387835035
1.0495234930379078;0.8172127481808842
0.9957166881026533;0.807819779145572
0.9435539634307695;0.794333709590336
0.9188916155408396;0.7992480230590152
0.8851119929243711;0.7918535529975855
0.8178506701562896;0.7491102412902398
0.8247044306009137;0.7697676519471185
0.7613974253645543;0.7208015465548584
0.7701211455040174;0.7359815254892553
0.7366625939003457;0.7073989991527587
0.7235804473390277;0.6950140719929782
0.7116536860035538;0.6807081899204543
0.6743117837666832;0.6395519336727724
0.6890661138022617;0.6453693536265485
0.6343152794448993;0.5843524368942025
0.6507855078622344;0.5874981873283971
0.6510765022031192;0.5739427447272455
0.6468203008610206;0.5549494132552362
0.6331729294636965;0.5270966270960363
0.6426819467016509;0.5176415013555713
0.6183168598742408;0.4805955946342645
0.6516809014277712;0.4876573308419234
0.6523171861098702;0.46895407267476413
0.6315589995941516;0.43537478008346076
0.6366470475378992;0.4201625442154996
0.6697372125204989;0.42256020164481606
0.6643601336681058;0.40027073156114057
0.6751550545726862;0.3880824199756316
0.696833449403198;0.3818794925172437
0.6966082780980228;0.3638072527159148
0.7224873286557861;0.3595072097150566
0.742027723624882;0.3518043947866254
0.7868860829619203;0.3555533189771355
0.7553314719909965;0.3254228915979412
0.7646935996180648;0.3143536407151866
0.7813575466145072;0.30676109179578187
0.8345943671793652;0.3132848039116134
0.8201094187008979;0.294738737117495
0.8682910845255504;0.2992358039489314
0.8785615212052924;0.29085499661586
0.9133817361228962;0.2910563588576777
0.9632375454801988;0.29609600417639886
0.9681232136653216;0.2877705557310122
0.9786674900342658;0.28203062119611755
