Prey_train;Predator_train
0.9165153253110845;0.7332122602488677
0.8307681054711171;0.6903467959434021
0.8299772929446088;0.713366063671261
0.7953139748336184;0.7039198624997901
0.9018019072602818;0.8181911283020731
0.8669129468760586;0.8025302045230631
0.855507601459075;0.8043003767028872
0.7176040672454984;0.6819550003305667
0.8106860273636954;0.7751515290033808
0.73192785444466;0.7009482157982982
0.7322038175682242;0.6992000388803918
0.6909236237317988;0.655055997383385
0.7115048876178668;0.6669624830414362
0.7181483588080712;0.6629587606753784
0.6459618120161978;0.5850408287599458
0.6243304065305453;0.552775945073584
0.5722828871765556;0.4936779718740808
0.6552032012051399;0.5489699595547315
0.7212434872977608;0.5852428942529014
0.5873965253691145;0.4603754296457872
0.6483791415689988;0.48964933016219997
0.659346589533901;0.4787390308757664
0.6625164150227184;0.46160367684670056
0.6331714902567376;0.42261517227755335
0.7034723128768118;0.44914862356487045
0.6337025916236402;0.3865629215731215
0.7066069830909504;0.4114148914687515
0.7126296054380908;0.3957415349219605
0.7017876925472358;0.3715174761059118
0.7476758436635186;0.377218861769257
0.7238191664174256;0.34801450244193577
0.7241107707713065;0.33184786379567355
0.7560771535031291;0.33040328750865905
0.7296699280438332;0.3042449438829495
0.7612155515523107;0.303105446680995
0.7780066960503288;0.29615848176526494
0.8098130289305951;0.29508020434860643
0.8970490223232658;0.3133565967741488
0.9704214143150366;0.32553325872224076
0.8796762045505195;0.2839266322951996
0.9461997031016324;0.2944693468307819
0.887348846717562;0.26689456345727525
0.9558722330860652;0.27856980753072585
0.9317527436299894;0.2638210545554167
1.0208074045626974;0.2816408340506868
1.0898357593998822;0.2939033847981381
1.00377788401141;0.2654598291293826
1.0558751413435106;0.27478377211986793
1.1520161654071763;0.29608999033203554
1.2953224717561553;0.3300379059219745
1.112829369645274;0.2821815563539507
1.1476680811191236;0.29078803931720526
1.2800987458917863;0.3254281986304271
1.40854253457032;0.3607954506480796
1.2858307145847303;0.3332797995630581
1.45120323421248;0.38225928569911843
1.56662764538049;0.42118614001755283
1.4760566779351059;0.40677406483933154
1.4252161357835778;0.40430654511238395
1.5030556049122752;0.4407382250074354
1.547964169523378;0.47106213629254773
1.5862587754239845;0.5028753113607766
1.6788185234623632;0.5564396879145682
1.4817767701831994;0.5151881534009132
1.718574099450312;0.6286691156439521
1.4527119446800973;0.5605931097221487
1.449537494921068;0.5913961080891112
1.4454712553458426;0.6246132375439403
1.269025504475059;0.5815504415170052
1.4266950167549555;0.6939124401321642
1.2410829462424195;0.6408286640547508
1.294163660861733;0.7092088695386367
1.3889156288818418;0.8071335729265185
1.2896275046757215;0.793646911272724
1.0753661778315564;0.6995162539606861
1.2169049797475122;0.8347360421953784
1.158399265977227;0.8355598260322225
1.1660919784726596;0.8816086936995752
1.0067253276350012;0.794907561245829
0.9634258747701662;0.7913875656085836
0.8837784540767091;0.7520889939969032
0.9094379133804276;0.7982769405283556
0.9075617786767279;0.8179830838803651
0.8831811709795794;0.8135675238895367
0.7970389311376465;0.7469012260331904
0.7287757332530386;0.6914758181575511
0.7207133218938758;0.6891565492694998
0.7318208345944313;0.7019953229615429
0.7568366182293172;0.7250212488517382
0.6863486491663797;0.6537520137075121
0.6583208501126686;0.62085771425099
0.5934223237133845;0.5518818809060411
0.637453740299215;0.5823482416165157
0.5897439136737863;0.5273052106554157
0.6431071005021555;0.5608575677790856
0.6249606743121571;0.5299027939107057
0.6318407292713983;0.5193130376402042
0.6727656033761;0.5345271234739588
0.6014836518493131;0.4608125522197949
0.6953491387344514;0.512522342805127
0.6969790651510391;0.4932409348947276
0.6838781703287548;0.4638450586576661
0.6779446916945867;0.44002116588189416
0.6164884079265351;0.3824054874088151
0.6874106258701647;0.4070745623639633
0.619321362335038;0.3498436415052417
0.692478794922207;0.3729138111081147
0.7040357978120084;0.3613149433514384
0.726421173290263;0.35523382365111367
0.7196621579796544;0.3353774933996464
0.7481509653411844;0.33236639958980585
0.7697546308314184;0.3261695721396393
0.803980870165152;0.3251900506772218
0.7953178492587863;0.30737275113372026
0.8151414345096467;0.30138248992365335
0.8326400559579411;0.29493323282508677
0.7885221699595834;0.26802497249401913
0.9532593099783698;0.31151033562685404
0.8054706598916329;0.2535751238546216
0.8814937791448928;0.26795148692738346
1.0257027341315204;0.3017938778319972
1.0010994100529427;0.2858747994054726
1.04762862871003;0.2911771439553893
1.094749924589074;0.2970564349884591
1.0359294371375662;0.2753149226500878
1.1676965495131566;0.3049873282004306
1.1445660545764096;0.29484444908157925
1.2580277272303448;0.3208171134836587
1.191684751765727;0.3020093459103404
1.3591395431038304;0.34367392158971094
1.057497160771636;0.267895463359913
1.1980423962758255;0.3053388686475779
1.2885808110012316;0.3318151010816551
1.3689094207261974;0.35768826156011013
1.1882179289893406;0.3164103023931002
1.3788128674383693;0.37580129113885735
1.394990218794398;0.39081979080995094
1.213093687314886;0.3508086181457868
1.5869652130136687;0.4756402725730701
1.4555961937581299;0.4539211076626817
1.4310414340335647;0.4660382998437155
1.6572604872883672;0.5655622713701706
1.5000546175878335;0.538115630232046
1.5207997161865485;0.5750773601403397
1.5272118295276218;0.6102038651004713
1.450618407365417;0.6136163861528503
1.3518145697454094;0.6062764296797076
1.2046372497297573;0.5733808158430516
1.2971474375289933;0.6555485234267676
1.3110709126823037;0.7034466969111909
1.1067827609218461;0.6300589457217923
1.2162194867456786;0.7337266883944445
1.2555081114558548;0.8013220872832281
1.1114321341724174;0.7488240605598192
1.1086636888843249;0.7864053151942033
1.0810353684902303;0.804804984854815
1.056518500861351;0.8226594195559063
0.9464953272733175;0.7678867446695049
0.8272523514657707;0.6964248517571384
0.9954464549083075;0.8658350970786604
0.8574602188106343;0.7671152647880842
0.8867251763293336;0.8121958384789973
0.890287558233469;0.8309820316592242
0.8296166750938948;0.7853835100231181
0.8088883499026247;0.773030172184403
0.7597734725987954;0.7295918084472615
0.6553141037082884;0.6294428288211162
0.6786250792750171;0.6491157966764397
0.6823656090414911;0.6471905952711113
0.5679157121397911;0.5319016400844162
0.5838744530995578;0.5378846617214967
0.6703301448584574;0.6051421555307488
0.6680742270727634;0.588926730223252
0.6181352152347398;0.5303386033961605
0.711467211558395;0.5922741640573466
0.6142776205281204;0.49476353174569004
0.6527228040655606;0.507338105279929
0.5975138043858346;0.44712371706706283
0.6170330712565466;0.4435881468437018
0.6385068491937312;0.440164385636408
0.6099062889194232;0.40251467288892656
0.6665976155155047;0.42057932210174725
0.7047998352572102;0.42463527139259216
0.6296811515303355;0.36194379860430514
0.6307911536075014;0.3456869153314985
0.7507005018203691;0.39205719450450816
0.7505689095386522;0.3734805077746502
0.7405091004749553;0.3510843970275673
0.8171605278459046;0.36923278236041646
0.7377192669590021;0.31783494524397843
0.8056443115166071;0.3311878412127651
0.9164025585052086;0.3597797840304192
0.8189100286351086;0.30739731518828634
0.8669865851676486;0.3115858998606602
0.9320281535925097;0.3212012639697741
0.8666232628738512;0.28690273829042484
0.9042065961567184;0.288132627492191
0.9824090121879195;0.30198924900784596
0.9658153257372781;0.28708454574566794
0.8793160431379998;0.2533997015321713
