Prey_train;Predator_train
1.0393803276108196;0.8315042620886557
0.8910313150180295;0.7404239635067676
1.118973872906307;0.9617588262374681
0.8340634513660354;0.7382164133661875
0.8470038269485951;0.7684736650786714
0.7932883103749141;0.7343734249962174
0.917731860892784;0.8628001436450332
0.6994219174975744;0.6646761016964623
0.7507228911513503;0.7178167345824269
0.6278402199610741;0.601266203104175
0.6865377076991371;0.6555923096800359
0.5801068830931717;0.549992039411107
0.6716241304585367;0.6295783845152642
0.7669730932540471;0.7080313212982724
0.622997980920063;0.5642427281198272
0.6464412741820248;0.5723526878280562
0.7013437065156721;0.605011868042263
0.6470777905768896;0.5421619855769616
0.7573217327351752;0.6145180796115486
0.6794374499696693;0.5325130375101662
0.5584139033781033;0.4217084977173812
0.8205685170953686;0.5957992092127191
0.6603614721823609;0.46010223549981794
0.6542981735054086;0.4367163392097065
0.5299725253559697;0.33837355917732587
0.6448641699368347;0.3933715607978103
0.6751160745969353;0.3930796230517254
0.5889178822894168;0.32704123558960263
0.6902796941439274;0.365425288158999
0.8479868439551785;0.4278279615196892
0.734162531144863;0.3529876243157474
0.7906209503443256;0.36232836747394814
0.9235399821086666;0.4035840057070693
0.851188273405571;0.3549135280528453
0.9547594111727926;0.38017192003798156
0.7592826138766102;0.28903091361300076
0.774284246114156;0.2821342030875788
0.8284695007685511;0.2894004417056908
0.7301332153317425;0.24492724643350522
0.842415674175846;0.2719003243740712
1.0342169001455488;0.3218614147403766
0.9807659190255549;0.2949923164721438
1.2418599102727461;0.3619151851162257
1.091807460379332;0.30913973426745456
1.0418720841634024;0.287452580620349
0.9529837178335396;0.25699756859053685
1.2908967139689396;0.34139148368602723
1.1420942336976168;0.29722165942126516
1.0859122345661025;0.2791000271428253
1.3792162000255508;0.3514133633866164
1.2858966564375913;0.32606644803018203
0.9656325668769915;0.2446651653404788
1.3526430727441174;0.34387050215128906
1.31713929307837;0.3373826868192306
1.2810344414655148;0.3320366336270678
1.341850267930911;0.3534547834802707
1.4474977983343629;0.38915821009674934
1.3759816149216466;0.37919521859341065
1.369423804681997;0.3884793284081299
1.7875911652206693;0.5241720629785442
1.1054091771057972;0.3363878949505491
1.5559982128001848;0.4932821162988119
1.4139758406634453;0.46865832399492563
1.4013657792734155;0.4872306426924497
1.0228055691445654;0.37415103185570486
1.3372493347945;0.5160367585684064
1.561818933093863;0.6372057582559425
1.5930516006933453;0.688385268267098
1.6114468303442775;0.7384702768882068
1.4046253251206016;0.6831782373802742
1.5478510524860043;0.799227259647316
1.0997798590020211;0.602685467172545
1.1444259222049498;0.665054495990259
1.3504682998264275;0.8310888152144952
0.9015527906272216;0.5864521721512994
1.3418514966938322;0.9204431128193387
1.1122110677394255;0.8022440220449313
1.1402012566454924;0.8620343497624144
0.8569051198759114;0.6766099355618749
0.7320951296379555;0.6013653957304148
0.9063953549335576;0.7713358110405766
0.8926429487193044;0.7835348313544279
0.9201902716090837;0.8293651118990322
0.805581574809145;0.742084442744153
0.8580700962036679;0.8040932278705175
0.921256962467155;0.8741055482347324
0.8432807995649597;0.8063573521386723
0.9216165589345637;0.8840558827414641
0.8048551478726093;0.7710212090696451
0.6210326485314852;0.5915380543819618
0.5864168737119362;0.5530455852168334
0.5267346217575499;0.4898624169964507
0.5982640615543531;0.5465463644546154
0.7654564668186541;0.6844143264980366
0.6924994931724554;0.6039329703025896
0.6589892778413594;0.558755572692107
0.6462776891309128;0.5311788467462104
0.542984484532673;0.4314131595785309
0.8162265687456292;0.6253327869790695
0.8100341535787545;0.5970534498682942
0.7593390799090388;0.5373721197713053
0.758305066324471;0.5143256112424128
0.5341873157908299;0.34671519428238545
0.7148284690787271;0.4434054649156071
0.57400682518293;0.3399184830165873
0.6096849447983524;0.34440020033378205
0.7646863073390336;0.4117990142990952
0.6539787240214877;0.3356253848983465
0.684689141860985;0.3348260634722577
0.7667010369253039;0.35729858670460707
0.6543905132782705;0.2907132769986295
0.6864029179541563;0.29085079465217173
0.8010199182629185;0.32399242006824686
0.6202449471857701;0.23971094823403774
0.9934772072551145;0.3673186292941417
0.7220247028222796;0.2557516639503398
0.8627356447409305;0.29325072427976245
0.8522933587910672;0.2785162310720767
1.1310089676178268;0.3560598210777327
1.0390429103745535;0.31584237960964034
1.1476463412951996;0.33767350733684504
1.0808372554534202;0.3086448063897746
1.0232891020782626;0.2844122335132313
0.8953026310426676;0.2429371328005816
0.8022948079289723;0.21322275926231815
1.2890998624134455;0.33669631291189295
1.4185593417956084;0.3654261332921016
1.303370269382792;0.33238018413503856
1.1978188892482264;0.3035639238690403
1.3957279014983375;0.3529257049535104
1.4325444701108114;0.3629060945411763
1.3880237279905654;0.353758427980588
0.9111088063958125;0.2346144363702803
1.503530824428266;0.39286407022203756
1.3481348674148546;0.35899455029115523
1.2223633514452956;0.33316031244138056
1.381041161885185;0.3869118297147354
1.3101939842750576;0.3788885771418155
1.7724325338314533;0.5312279605096225
1.1783698522244888;0.3674693234646712
1.6349935165243001;0.5324580970019704
1.1710277550833474;0.3996288586389316
1.6417921102812092;0.588961218995243
1.366650877677154;0.5167872998679927
1.389092432334361;0.5550176830770229
1.4599839028574748;0.617578021734743
1.1946778836380525;0.5358020679166062
1.2230644843645189;0.5821517739310412
1.322438463055336;0.6683300268704516
1.284110447048855;0.6889812318371192
1.2340809135686905;0.7025260482832733
1.1796873127269536;0.7116873843422362
1.1226745535684397;0.716541700046882
0.95514096617549;0.6435233557747797
1.1952569924549779;0.847828301146521
0.822980046183538;0.6126889673642931
0.9871270019552228;0.7686276442810869
1.0492062224762773;0.8512155606571155
1.0096257858007176;0.8499564697043265
0.9305821300459192;0.8094163829054897
0.7761617904254812;0.6943827180770107
0.9516762997377061;0.8716878136084181
0.9750697746412945;0.9101165739625453
0.9669278774628436;0.9153736094504401
0.7717810744671836;0.73756786947896
0.797083310774983;0.7654195298531306
0.866782868991797;0.8325629769670698
0.7399119497048227;0.7077376733794769
0.8470838578022049;0.8034178436185282
0.8291542933601376;0.7765739159770495
0.6212378450377222;0.5723050672157587
0.7365836099553975;0.6649526309922235
0.7176288955571288;0.6326106020074811
0.6878881018524754;0.5901841639789732
0.5997153135638873;0.499244210053505
0.5541569448027208;0.44633995768277274
0.6180610380361883;0.48039675346340543
0.5651665667618445;0.4229180551775333
0.7609188459449046;0.5470283466067416
0.5487093640090938;0.3782611265752075
0.746531588501012;0.492682111343886
0.5488088469297752;0.34626234392792804
0.7108307334191727;0.42826883080852396
0.6573874313156604;0.37786950342542364
0.7037579168239644;0.38567424735695344
0.5533505766091527;0.2889901819923758
0.7039896223983697;0.3503028147049667
0.6559003286619512;0.31097034628037296
0.6130553660384916;0.2770081652623112
0.6357566040602074;0.2739059076942927
0.8595494984470635;0.3533474248335581
0.7549422641428897;0.2963904478745743
0.9063981914705538;0.3402380735450933
0.9158879895684138;0.3291605525200391
1.0276308870353368;0.35414846486970225
0.8419233469844049;0.27872562857296174
0.6934713454814815;0.22098016284487768
0.786512641448542;0.24177135895490837
0.9880716526887016;0.29370014537693173
0.718916793835231;0.20717613696003362
