Prey_train;Predator_train
0.9699570931621772;0.7759656745297417
0.9135901814264749;0.7591697976843497
0.9559002017313568;0.821596891828668
0.8626256119395491;0.7634963314611899
0.8465154908092303;0.7680306051409613
0.7986538848370153;0.7393405160818572
0.7768890487805354;0.7303876125996333
0.7842114553843296;0.7452534729473546
0.7783422624898416;0.744225476315358
0.7557023239450485;0.7237164051446273
0.7017091694964562;0.6700799242267458
0.7336486611744863;0.6955630679972076
0.7199958533556974;0.6749218880862611
0.6715961494112889;0.6199840818783479
0.6686679972457584;0.6056055822447011
0.6355603954242359;0.5627188657754159
0.668162690969716;0.5763883728679327
0.6576269347378679;0.5510007141313052
0.6146995308438485;0.4987892977374432
0.6577416388923726;0.5155088198908199
0.658566959663284;0.4973430667213522
0.6438216275190165;0.46746665093573675
0.6303661576624521;0.43920320997138884
0.6643027143968044;0.44339394683645017
0.6641644737981701;0.4240515991414331
0.6500042575562545;0.3965070494537961
0.6613813588018834;0.3850827213179534
0.7010257905405947;0.38929763828415176
0.7045400348221847;0.37297453109024353
0.7291026631778836;0.36784828485199705
0.6674790672535454;0.32092600784584263
0.7323827086326157;0.3356387546642103
0.7401388908185048;0.32343831791028244
0.7892712155854228;0.32909644137039035
0.7778543718953227;0.3097307935515744
0.7870285727826776;0.2995927778057619
0.8401782839273623;0.3061447159450376
0.8574142306571769;0.29951139643250874
0.8705536492072505;0.29203206167807616
0.9205394951899835;0.2971157767050921
0.9491103591841792;0.29537517991513723
0.9237051337447187;0.2778297164029678
0.9892024511425124;0.2882832316762995
1.0399389569699673;0.2944534311025627
1.1017075613112175;0.3039611929348832
1.0461166767187449;0.2821133638987217
1.1129557837858088;0.29433309589532713
1.1200086249916066;0.29147404151439893
1.1832167951121744;0.30410914355671365
1.1018229069214698;0.2807357494572058
1.2424869645116858;0.3150589973260349
1.2040527556258351;0.3050743902378976
1.2649950688797782;0.32158852421586515
1.2457703610000164;0.3191016726648822
1.3469654128894786;0.34912555574717197
1.3586459138461795;0.35787889959238084
1.2713254894419537;0.3417944762962058
1.3629712871167818;0.3756098116065458
1.481468572975057;0.42026428510985747
1.4461925188791347;0.4240643670844252
1.3816284441672997;0.42044438707673076
1.4404698220238494;0.45665733831003086
1.5026638193312032;0.4980537056171653
1.532877150086524;0.5329548716342027
1.4149895986635226;0.5176153067369713
1.3932637233192398;0.537652386062392
1.5463983198647406;0.6309143096525057
1.4368322413845414;0.6208801695499562
1.3577448138391803;0.6222074285908238
1.3823602462762494;0.6723490026740643
1.3556143848185647;0.6999665556817651
1.3363898005420718;0.7323490284639251
1.2373274379989354;0.7190418878906985
1.174459681594166;0.7227717269770361
1.201235627148058;0.7813932252557283
1.17706407738293;0.8074071728828344
1.1078386075430662;0.7990901422141109
1.1042580348389306;0.8348599437899615
0.9880900125237756;0.7801931674767645
0.9376043646248405;0.7701769851276291
0.9500331233401746;0.8084712324686643
0.8877335469663885;0.7792255078113013
0.8979806065312601;0.8093475982055878
0.8169862524275091;0.7525901867926132
0.7925692901694238;0.7427127476682395
0.757817124197856;0.7190308239675874
0.7621647198185149;0.7287929781911612
0.7299626386623391;0.7002128581944694
0.7144382857429014;0.6844052278663231
0.712629045954437;0.678784280241572
0.6941952590717593;0.6546906143370717
0.6662084393168566;0.6195728604629375
0.6805094158908206;0.6216819146146746
0.6701981760222561;0.5992414371634734
0.6482761643378189;0.5653655394191146
0.6582613774558084;0.5581383875413506
0.6508812334956172;0.5349625227537746
0.6531434909868932;0.518936922014117
0.6595428954251868;0.505293276059737
0.6618940070384917;0.4878635037838055
0.6612331196019915;0.46794410105440637
0.6620377036446908;0.4490316123601912
0.652105601685179;0.4232502601567575
0.690160964245538;0.428104302578068
0.6346717753027146;0.3758433830566214
0.7111746501826276;0.40172993295121
0.7057472376506627;0.3800591353860863
0.7112038855014864;0.36499364435714127
0.7162140686625293;0.3502423545989472
0.7145291670416181;0.33298541315011027
0.735168515274023;0.3265989403649031
0.7398629709310047;0.3135035230770559
0.8176663280127245;0.3307254743373382
0.8172003529965498;0.3158298546450256
0.8182657281849696;0.30253763597225036
0.8606343196179057;0.30484920866928544
0.8690390160739869;0.2953932904529477
0.9213416283748371;0.30108013305272635
0.9133680095740707;0.28754294561611266
0.9638819001703726;0.2929953613780299
1.0109763051172669;0.29746090106305806
0.9780500726521131;0.27929281100379855
1.0418085815977658;0.28955952426708276
1.0613485996576437;0.28799310619969837
1.1153686307300545;0.2964271670320349
1.1350013043742773;0.29644775046174304
1.1161693323363289;0.2875293484011752
1.1766818555061416;0.30007262018236563
1.2497458226864258;0.3167237962090728
1.2780729597091627;0.32317531218165807
1.2954125728119965;0.32816650891289556
1.2628152651618878;0.3218471947019881
1.3126924775993645;0.33802395893612686
1.3620310683369259;0.3558909871230541
1.3284841256034485;0.35376175838732976
1.4430235075981177;0.39330217327213546
1.4114653092214966;0.3954354442443229
1.5096353617812983;0.4365640516543585
1.4880705004756076;0.44599985724328967
1.5368675678286248;0.4792652190979423
1.4719950306144132;0.47937540111074733
1.4868768083286379;0.5074165657216034
1.447678740100295;0.5193267954838253
1.4683577340502902;0.5552468746882061
1.5096180919014253;0.6031742137492312
1.3981829817352267;0.5914360276118197
1.3305002678022924;0.5967171608477243
1.4252443390861627;0.6783849346384094
1.402777856508983;0.7089317111723282
1.3369039669849527;0.7173072566601275
1.2258908400817448;0.69786367979619
1.1526824651008765;0.6953957711628617
1.1569134506846106;0.7383945134640659
1.1633807997473495;0.7838243178858774
1.146204643535084;0.8130341356118094
1.053888867231176;0.7845950637259931
1.003483376994653;0.7813635556588868
1.0157344803362305;0.8240601100492588
0.9140758324551376;0.7695174573809503
0.9310957491003823;0.8098631265768241
0.9161893021073667;0.8196564501347643
0.8386579654295087;0.7681686813594272
0.7660117640462649;0.7149847328261829
0.7591608619553035;0.7186842313254509
0.7498577507646085;0.7166164109758227
0.7714766553560714;0.7408300874612205
0.7246712794823994;0.696061838958785
0.7151577279097058;0.6840598623283314
0.7111756063576384;0.6745154766334469
0.6767350463551698;0.6338202542463128
0.6675320506076018;0.6149528367327001
0.676205874813269;0.6104464849234275
0.65167914000097;0.5744739873548086
0.6295665337631399;0.5401462787298269
0.6281030815218289;0.52287613751776
0.6283223342398444;0.5060757005862144
0.6254576244961204;0.4861458557419651
0.6194741489872893;0.46355679498794644
0.6189349917027854;0.44495544692127004
0.6492975006249052;0.44760308494529855
0.6134591287876543;0.40485941043856133
0.6502281089092085;0.4102512383652161
0.68773422557826;0.4143534020802129
0.7057876645888572;0.4056901936932844
0.6564050955813564;0.3597238981581971
0.692409667774003;0.36161450689989194
0.7063568296787618;0.3514807289055857
0.722085585022521;0.34234958362743845
0.7418760760872716;0.33521561358625296
0.7754983874482967;0.33411149545741875
0.7822514960754594;0.3215714187604573
0.8350535088361629;0.3278421347414984
0.8147110975860961;0.30582114676197153
0.8503372344775807;0.30560229757013874
0.8564274798511695;0.29514729567591325
0.8727609597288473;0.2889346731690888
0.894689955562828;0.2851000742340402
0.9381114403482675;0.28837232338240315
0.921261142260009;0.27384100199171396
0.9821011332618592;0.28302012227008305
