Prey_train;Predator_train
0.9853797137095468;0.7883037709676375
0.9817513009416613;0.8158099240389117
0.9295726428763225;0.7989683365824671
0.8542315528946389;0.7560668821170557
0.8583694516994953;0.7787855232195005
0.8335636621246597;0.7716576602743217
0.7519908925630627;0.7069797593078954
0.7728531866412022;0.7344594592035275
0.781088836450584;0.7468516607237827
0.6971666821009551;0.6676583476980272
0.7624289695090246;0.7280628048276675
0.7127859580233147;0.6757834015458124
0.7140225174475542;0.6693225014640916
0.6478021562426215;0.5980186536640449
0.6299218433063701;0.5705135975634275
0.6288778760048611;0.5568022294096733
0.6499808855537441;0.5607038975430625
0.6692088758993184;0.5607047841957861
0.5954439485976568;0.4831646260658727
0.6150802503685722;0.4820727094906286
0.629276407811876;0.47522314000776755
0.595136093832438;0.43211700996579033
0.640146257081433;0.44601742581473985
0.7144662401073442;0.47687597719699776
0.66003916338155;0.4214176966246083
0.6501489503506351;0.3965953130494729
0.7261964011915031;0.42282063541784226
0.6745819027765761;0.3746126677845002
0.7079557468426555;0.3747827655782892
0.6977325141435723;0.35202135662829975
0.7546990280611171;0.3628616357923775
0.7388565553918927;0.33860561043313947
0.8013368519849601;0.3501816303679315
0.7321640122229888;0.30528488327466985
0.8057069122716691;0.3208212877943117
0.8286679789823098;0.31544336544760976
0.8463646719740255;0.3083989160921997
0.8833304083427156;0.30856441922038486
0.8941685363497612;0.29995380686265205
0.9140859945568663;0.29503282767021155
0.9488113138013899;0.29528211319967107
0.9503195402455267;0.28583473092570433
0.9126596291301516;0.2659763600486956
1.0857670425912875;0.3074294206658131
1.017449769008834;0.2807144621674093
1.0137091785920949;0.273373814558272
1.0918601167103077;0.288754120440266
1.0876937794339219;0.2830643396376097
1.138406144886004;0.2925919570877638
1.2456712781571766;0.31738717506596087
1.2166302723465139;0.30850248306036715
1.2472547682473338;0.31602061131996567
1.2138759558774124;0.30859296358951993
1.2538364405956721;0.32116778337950513
1.4014000589090212;0.36323469757190924
1.3402202626968782;0.35302542622571265
1.3764499708063003;0.3700570788729928
1.5052257696127556;0.41481252987035405
1.3453004890759461;0.3816360053889333
1.3603588153308728;0.39889550837817445
1.458760441669415;0.4439164830303763
1.5576993358005564;0.493821405834497
1.435832692611305;0.4759027162307101
1.523590570022423;0.5297260883714969
1.4548777251654625;0.5322067248321756
1.5812021467240904;0.6101767330939047
1.4865712326363094;0.606505484996936
1.3051082722160845;0.5639599544020164
1.4790409899672077;0.6777932655443198
1.4396038961139377;0.7001910293682418
1.3910142305759081;0.7182451372488601
1.283279461453336;0.7032442678489845
1.30456117951802;0.7581130948704949
1.2079002840039865;0.743351336761589
1.1725917508650934;0.7627606353069014
1.1960069982333352;0.8204010705506444
1.1882577933439105;0.8570969477007498
1.067769695841118;0.8072734090457101
0.977467837286412;0.7718059270038399
1.0290520129525862;0.8452948885241817
1.0011293417453901;0.8519537402398811
0.8842147605818599;0.7761368241440751
0.9230118620072936;0.831908204027416
0.8858330952384553;0.816010419553224
0.8386384229933483;0.7858839033599214
0.7466950914022572;0.7084780347129519
0.7993951262083443;0.7643932336826145
0.7290476745464547;0.699335183633066
0.705256707965316;0.6756096188453056
0.6982024782834768;0.665042871007019
0.6285893721103195;0.5928181686848987
0.686479174238411;0.6384246138749955
0.6565605405693083;0.5998033302555502
0.6946297263508714;0.6210863150739813
0.6450592337326526;0.5625600349028079
0.644862770646043;0.546777738023971
0.6692961015211318;0.5500977943642342
0.5591974515132484;0.4442947197528558
0.66050851698973;0.5060330643087899
0.6680317745993296;0.49238748006369176
0.6524415139422985;0.4617224223675824
0.647233609264108;0.43899063382883363
0.6350177946649097;0.4121593896778851
0.6606227144702025;0.40978183510372973
0.6857330824358839;0.4060811455710646
0.6365700456136599;0.35958711643821073
0.6686931565324886;0.36010476464114555
0.6710651375276623;0.3443942238512078
0.707861189380723;0.34615763714456405
0.7214826676493973;0.33622588866814607
0.7628943640180498;0.3389161610189208
0.723618327369352;0.3066201498203829
0.8201039044147387;0.3317114127136303
0.7503801659020964;0.2900053308302596
0.8528003472188399;0.3153061311466537
0.8424891104349812;0.29842191134397195
0.8178696886756184;0.2780004280947617
0.8534144742427351;0.2788825941875164
0.8795949707352752;0.27691064957736344
0.9712176671808415;0.2952252462901104
0.9328753977963883;0.2744811673661183
0.964271860981527;0.2753582931547803
1.0596343843787313;0.2945140150095367
1.0396362597794366;0.2821015412544905
1.0929102776745567;0.2904584982089849
1.138543657421377;0.2973729675413242
1.1437767358736297;0.2946411176642789
1.3173871541786881;0.3359547130765847
1.222401465152844;0.309793900092823
1.221783768795341;0.30894194881391507
1.277962339020826;0.3237458460112445
1.3204527193919233;0.3365369545310499
1.4036393696008704;0.3614431747935274
1.3548621981060647;0.3540178020230009
1.417322698385492;0.37741856324807344
1.4077046875105552;0.3836758791579341
1.4732611728044174;0.4127481437550547
1.3564924508954341;0.3922774037981586
1.4949020383007496;0.4480473844900105
1.4419127778385605;0.44965399612621654
1.576511181281186;0.5134125212140147
1.477622629941037;0.5042584537719726
1.3591527783696085;0.4875698160178312
1.4898909921341104;0.5633894914195633
1.479313296683417;0.591065806247682
1.3430758392957431;0.5681255240202241
1.3833684685068703;0.6204280637216284
1.3730741050715471;0.6535530515559846
1.3322840040753159;0.6733057371800526
1.3735705933707896;0.736980500089214
1.3573593812327023;0.7727048621472434
1.2318963601177881;0.7431843072774268
1.1055174865017559;0.7055912835039007
1.10227459961518;0.7426541991701504
1.0321625186087289;0.7321409539397575
1.0385111940422398;0.7731467537088951
1.072895233099613;0.8354111820914109
0.993482110743007;0.8060068781359555
0.9553755077311089;0.8042857118086639
0.9466785096477989;0.823416945493753
0.9012404741654186;0.8062826820538785
0.8606625649516557;0.7883237921382453
0.7806172888208053;0.7286173266306826
0.8317717803560817;0.7874237102578759
0.7483399741934249;0.7151659177349439
0.7242100123853087;0.6954410909142457
0.6901265776806362;0.6628809342600469
0.6834127200218247;0.6536952520082182
0.6884226886932595;0.6529354407520246
0.6470578775055293;0.6060250472345012
0.6640053791933747;0.6117039491498056
0.6360082399513488;0.5741579730697397
0.6042948289117969;0.5327033483108498
0.6532684199536305;0.5604816760835369
0.6326131015771308;0.5266305879193252
0.6447990625732718;0.5193467103535118
0.6721966881919034;0.5224744593548315
0.6764961128905974;0.5062267254025541
0.6407227127828112;0.4606187480765135
0.657995138451695;0.4535989335651703
0.6243220330920491;0.4120285091216623
0.689193488519579;0.43483583417012817
0.709089487831524;0.4272197467201281
0.6836850077423273;0.39298547868182504
0.6845398675970283;0.37514234925097245
0.7130622752531365;0.3724004372780354
0.6832170438325116;0.33996645105871043
0.763412022731883;0.3619429518320732
0.7455634692981511;0.33688175678396587
0.7734208326280937;0.33321641307026284
0.8223698085430438;0.3380634328035113
0.7872842165587116;0.30908790331846414
0.8187627257416763;0.3073420215511623
0.7979305967682345;0.28676790076550923
0.8412046614765023;0.2899011145554412
0.9061944392779395;0.300003100759415
0.979208938078465;0.3120327206101082
0.975158061257387;0.29976033091065996
0.9973570578429415;0.29646019302758847
0.9027149988534859;0.2601427701259262
