Prey_train;Predator_train
1.0243357119051548;0.819468569524124
0.9954372458476565;0.8271825900730198
0.9422400647726752;0.8098559945604396
0.9647025749090629;0.853843042334626
0.855646538014667;0.7763150651265172
0.890625220937492;0.8244814468257688
0.7942545507706871;0.7467136858788102
0.743706459700745;0.7067606806046118
0.7365292451106922;0.7042452333363434
0.7724315592218997;0.7397375574313865
0.6616981940982893;0.6318724266928586
0.6981145753550657;0.6618736481712865
0.6605384288385402;0.6191866820724549
0.6376504757690233;0.5886471283754273
0.7165740135168683;0.6489935580359617
0.6995760223643012;0.6193976664731379
0.629061323749118;0.5426577055711957
0.6670390004582835;0.5588867277044368
0.6045199708227622;0.4905292367817702
0.6084100274206151;0.47684488361343386
0.6508311181526097;0.4915010379281734
0.6080916966139268;0.4415238269850545
0.6687282080902875;0.46593170020549146
0.6712116457490672;0.44800536611009184
0.6070821246076948;0.38760601613916223
0.6819130612490718;0.4159716382726539
0.6159187765860052;0.35861258476988694
0.7343405111891685;0.40779815886925724
0.6539093288290155;0.3461712794746894
0.7760690462029255;0.3915438551934382
0.6811292469751395;0.32748905663545425
0.7290332406285113;0.33410374945937116
0.7566003115909722;0.3306319059126264
0.8113255145422076;0.338292255382451
0.7114288063054782;0.28328105708982015
0.8354172562696619;0.31801256661847693
0.8501453697610455;0.30977652923957943
0.7963240124109837;0.2781714000561249
0.9154984983141801;0.30710906119264825
0.9184794428696699;0.29645086873710014
0.9656212461191598;0.30051357731201145
1.0124531473528435;0.30452312163729045
0.8865153473523996;0.25835713303198016
1.0069891487343539;0.285123860338701
1.0045524394375516;0.27715608803998154
0.9847997402420038;0.2655776106711987
1.145264671439318;0.3028775278184392
1.0754710888071157;0.27988347392311397
1.2494653321030822;0.32113627326736
1.31496771709074;0.33504335882881664
1.2049329777865216;0.30553638522533133
1.1738612906465302;0.2974246899021654
1.3429709347566712;0.34141163993283824
1.2601273336933443;0.3227791835001596
1.3917446126168371;0.36073206237393896
1.3368952090362343;0.35214957878597153
1.3015187901360041;0.34991191237695857
1.4435168638085791;0.39780669071391495
1.4056803732581309;0.39876462311579014
1.4784115366101955;0.4335118902764229
1.4030339726568022;0.4269583194901927
1.4024014662953834;0.4445889188714507
1.3109261969221702;0.43450280879079034
1.4915664323467224;0.518591849608015
1.5657608694894065;0.5727687281256332
1.6243475850854467;0.6268263073951915
1.4239484916400849;0.5809560629000236
1.4865903673971665;0.6423815201080681
1.4945129684693526;0.6848835374871095
1.4112427760791775;0.6863968170263746
1.19471384573964;0.6168861477075698
1.2084935884666004;0.6622611943456947
1.2062419898974976;0.7009773573530628
1.2615989891244292;0.7763979423152606
1.172564338862519;0.7627428040399807
1.0770501400323147;0.738802606694149
1.0852365462829614;0.7827871498615293
1.019224044743068;0.7705711001031479
1.0154823839505058;0.8018221089266777
0.8604644720972916;0.7068119112206737
0.9436153155275387;0.8030097250069177
0.8880357241532003;0.7794907497554038
0.8556113625685885;0.7711603082022582
0.8881385556041569;0.8181341601205969
0.8142121894075401;0.7629942011134166
0.7257484917564035;0.6886035157534871
0.7124741963988639;0.6812781777691366
0.6959204263742479;0.6675580434094438
0.7280157185842656;0.6974119020648804
0.6975352780768335;0.6644073580222277
0.6438059452505549;0.607168810650686
0.6652982502021297;0.6187263859362085
0.6931955266772447;0.633271358432133
0.6878764096298547;0.6150480007927622
0.6934593014893631;0.6047700249047464
0.6289660133665554;0.5332989121669807
0.6399457593941125;0.5259746022057644
0.6653600460868558;0.5286432447267746
0.5852042062095821;0.4483404378557503
0.6493812378231756;0.4786406926289869
0.639754675412928;0.4527441496905843
0.6841591599884603;0.4640356418212224
0.6803663766723151;0.44159296467367354
0.69055226730607;0.42834702642439393
0.662148607003013;0.3921147626638081
0.6935774458605598;0.39178958466880476
0.6938294317134388;0.3736411562873959
0.6595731131325099;0.3384964553624007
0.7920874011565253;0.3873458628748888
0.7151356013728956;0.3332680241276088
0.744655228469202;0.33081341692737715
0.7497888971304028;0.3177094543853877
0.8649073236311543;0.34983326947187154
0.7970694924531839;0.30804972247061213
0.8283129097031895;0.30625238344364786
0.8700774218815516;0.3081940930026614
0.8855712072182205;0.30101271403481883
0.8263655081655087;0.27004341222215233
0.9616394268851134;0.30273956447859557
0.9667554299260304;0.2938688406798413
0.9928426673072277;0.2921254167245802
1.0426176592073106;0.2977307859633347
1.0139509641061135;0.28181679819380917
1.0449208593407109;0.2835354982438942
1.13982115474047;0.3029258188853203
1.1490793459502917;0.30012475395066596
1.2358669207347446;0.31836388989977465
1.1459752634153513;0.29224194997831876
1.1888046447003193;0.3012794387350688
1.2155617481539767;0.3073686399915211
1.2490737986103804;0.3164275200562124
1.2833773932716244;0.3270877579354181
1.4214056514374729;0.36601806878009613
1.3096086981079722;0.3421933193371843
1.4247430989842957;0.37939454016279855
1.2994946147038289;0.35418276516448266
1.380570744427473;0.38678003778534453
1.4213470744725152;0.41103239454236096
1.5563046265122038;0.4664507770496536
1.4973555221731136;0.46694356587648
1.4816142400972523;0.48250802880873594
1.5462935193876626;0.5276933117863516
1.5292307314164715;0.5485819977206284
1.5063994793615825;0.5696320341775872
1.4640387025108803;0.584962778349577
1.404598040327287;0.5941496186225446
1.4241724106726363;0.6387282573478718
1.3842800671664313;0.6588868428609708
1.350606701636806;0.6825656077114327
1.38017851688506;0.7405259391074936
1.336049034452485;0.7605735071068683
1.1724175964585093;0.7073016752647692
1.2274190849995394;0.7833943995969826
1.1367003441092902;0.765848441074151
1.0255225001083856;0.7274310081789177
1.0792134201210069;0.8034485878557539
1.0995895972657648;0.8561967813141758
1.0260143341013823;0.8324001020343662
1.015176666299949;0.8546294949570795
0.8640703922336755;0.7515647559479766
0.9174845912649604;0.8208152631774065
0.837791426322623;0.7673749749492796
0.8049433085522295;0.7513228953108867
0.8182900380001352;0.7746607819674795
0.7428505332163939;0.7099198247430233
0.7091316818706533;0.6809617403903006
0.7133421626782798;0.6851799865938246
0.6779258893971617;0.6484470103193586
0.6420603901766553;0.6089630553071513
0.6885183021434284;0.6448562811519503
0.6898458049828978;0.6355090130822177
0.63102560743501;0.5696598895443575
0.6368857976788382;0.5614332287537476
0.6629367486269376;0.5687767671888537
0.6465994350697533;0.5382737723739194
0.5650570279312909;0.4551193164690758
0.6692938737674508;0.5202182054582186
0.62176862595822;0.4652737679924812
0.6187261179911329;0.444805286570079
0.6269065277594417;0.43216752802437675
0.6611380581025514;0.43632566842859094
0.6925329012040423;0.4369427842856989
0.6587135299598774;0.39686870593890855
0.7192215357843839;0.4134120484107916
0.7508292932894872;0.41147035885552913
0.6769140287614145;0.35352182980216995
0.7301164806070338;0.36330344948522425
0.6864798293685525;0.3254684605643098
0.7594283484079758;0.3431465820127449
0.7871509568639028;0.3391318249079801
0.8033305879309269;0.3302367054465831
0.8351197390377378;0.3278681367287231
0.8845439667898516;0.33203457162490513
0.804382788355421;0.2890867508563421
1.0232083355384014;0.35262433802298454
0.8807973653863702;0.2915951911680057
0.9239231256717921;0.29441545652523743
0.9246019646977757;0.2842195556903643
0.96910890034905;0.2880635469543909
1.1433275587582366;0.3294820609765387
