Prey_train;Predator_train
0.8693946724929507;0.6955157379943606
0.7512513976428423;0.6242704695754231
1.062354676667603;0.9130945874777091
1.3203097325104334;1.168585332051169
0.7313123894864424;0.6635085868392362
0.9060145194220969;0.8387278332764746
0.8885689312742929;0.8353827890383552
0.5421775595299877;0.515243314057203
0.7625737526431356;0.7291481416812241
0.8406327220050073;0.8050520321817158
0.7318613912451535;0.6988730472796106
0.8653919203768557;0.8204671950108836
0.8423172552556341;0.7895855922435655
0.6861545456482817;0.633423667457457
0.6299196773409228;0.5705116358712704
0.6434442222642245;0.5696991278076446
0.6047463245029755;0.5216824505304973
0.5381571647744786;0.4509015164103824
0.6083279667514077;0.49361918157549506
0.5246425023749856;0.41119160057943505
0.6860559269103357;0.5181024550736641
0.6684810118490288;0.4853713613619915
0.5427194919928489;0.37813600888920135
0.5762936954744122;0.3846516514769672
0.6456528105685837;0.4122323876283836
0.7451478451586458;0.4545452895977972
0.4879715641216701;0.28411659224589536
0.40418572693544;0.22445472199074282
0.6350355287402516;0.3361797298251732
0.7364541238508177;0.3715572579997689
0.8001562231443831;0.3847175963185534
0.8400984469240323;0.38500307721268645
0.988630609778918;0.4320284009233628
0.7127695024804116;0.2971981014278603
0.975324810485258;0.38836077604869523
0.7620072283317494;0.29006807394147377
0.9800063252818615;0.3570953496623512
1.0794802030491533;0.37708334137245364
0.813055395220711;0.272743952702978
0.8772856415969054;0.28315504783582895
1.0790474785407451;0.3358132592556583
0.9325675523325447;0.2804953324669579
1.0101499256766335;0.294387953361106
0.9498777786033783;0.26895306610378533
1.2538862967508952;0.34594731664679956
1.2999663752778894;0.3505707300596579
1.335689544445913;0.3532374282062629
1.3006707140284386;0.33849002698539854
0.9073626963228923;0.23320941150763935
1.3324872628685458;0.3395072003256541
0.9783091134353333;0.2480710841702833
1.302589334280157;0.3300408931661443
1.4099189582942238;0.3584312446872475
1.3423342975793129;0.34383633857620155
1.0703484587375427;0.27742805934285364
1.7381690611029819;0.457848527385689
1.6539632596074698;0.4446662249954927
1.209619826989674;0.33334897046309153
1.2925556683404562;0.3666733090590791
0.8666918183866437;0.2541384446562043
1.1444332351408497;0.3482633352913009
1.3908380616688205;0.4409230915852192
1.7394329545019347;0.5765301709652423
1.6856297923552448;0.5860643232608489
1.175070597612036;0.4298508825754169
0.8202130697646824;0.3165154641276025
0.999001129272934;0.4075819921172936
1.8458226414726113;0.7976120256685888
1.1590068808266751;0.5311327163159052
1.247449142798581;0.6067312694404793
1.2548451098416187;0.6479347071604749
1.5287529761792744;0.8377651164443913
1.0103028314606604;0.5871122169970148
1.221152718831357;0.7515069894050478
0.8436351056885656;0.5487772267777524
0.9614812817411835;0.6595281415744538
1.0163537569440657;0.7331016112333018
1.0542920938046254;0.7970838430895512
1.0599807536682913;0.8369578997732994
1.1200996090259312;0.9200841767277886
1.149792628255033;0.9784651086485143
0.8807409337489681;0.7730876046038665
0.8851036448946372;0.7977416259863831
1.0484025241930328;0.9657658854991455
0.9179950930589316;0.8602486449683329
0.8315853990985365;0.7890235198183811
0.7861774402061936;0.7517542902943706
0.7477065404416379;0.717233603534495
0.7986504008669956;0.7650772928868579
0.5936877756697628;0.5654918667488406
0.7078199046017315;0.6675399206893933
0.8095561597034059;0.7528860278130955
0.8398952706312571;0.767289456587949
0.6788995864483033;0.6070215921618073
0.6898017407273057;0.6015802441801829
0.5745142691325992;0.487129396885652
0.8529688875971677;0.701059370676316
0.5738134311510036;0.4559074382291238
0.6348561230773256;0.4863800860890527
0.6013561461559805;0.44324274485918075
0.6124256329784428;0.4334038235399818
0.5406816699300874;0.36672105030532703
0.6939952410668477;0.4504388025038045
0.7503257543407541;0.4654243001407016
0.6653096221636562;0.3939866698103056
0.5869596696040563;0.33156309586477717
0.6218482036089129;0.33487781176690873
0.7972037073427651;0.40912921367532606
0.7063278878496239;0.345407823419786
0.6697608069345937;0.3121224287207816
1.0728322822663041;0.47660621925142493
0.7436733845024931;0.31511811675990914
0.8368941355194679;0.33850263910525774
0.8599794222953342;0.3323630183776918
0.8646788550543006;0.31969797545301304
0.834979062572849;0.2957617430289832
0.7123450225762255;0.24213175273439733
0.8257354164245911;0.2698375080283675
1.1710927118816803;0.36867882872430685
0.8551876014408862;0.25995508400551337
1.0431776201768799;0.3069355367637799
0.6293069997290489;0.1797054423421222
1.189123490045871;0.33050412345848346
0.8765508409305929;0.2378489023333033
0.8923540997798515;0.2371574657017432
1.1046824205131451;0.28852884774109944
1.1954370604553566;0.3079490083533068
1.1791314849323375;0.30069731471381844
0.8754562901192926;0.22186738662239616
0.9534214136948492;0.24108346919539456
1.6382545145392393;0.4150185632212153
1.177175120184791;0.30002053392653677
1.351833604936765;0.34810296757340287
1.4775773337190268;0.38608257041449046
1.6945931059065913;0.4512528417486768
1.4564620140975553;0.3969648951778637
1.351363771197851;0.37859742616986114
1.8283047881473016;0.5287185012881814
1.9173944516987378;0.5746754951888319
1.4014752647216921;0.4370437400511837
1.5700215504326973;0.5112990837863378
1.0012338329719106;0.34168441539011074
1.3275672401427185;0.4762391140487837
1.663044521171456;0.628866012303899
1.6953799416542796;0.6773961366781975
1.186597395235419;0.5019346244234771
1.6000903131353932;0.7176258223015842
1.6218430006828226;0.771961570264805
0.9460680009570895;0.47812103940179235
1.5765850745547438;0.845906619060017
1.0964107445375764;0.6241544611753947
1.5133413321921745;0.9129757713806393
1.084393166896492;0.6921087868763802
1.1052072931754209;0.7446300926436574
0.9078092430295286;0.6439337925996913
1.3700262595166364;1.019951793604013
0.7141563396204583;0.5560787050537761
1.0659673327199606;0.8648137623715884
0.9882277061427828;0.8319424327212219
1.0526641147797915;0.9156027745314907
0.9698580855578729;0.867670506209104
0.895884827393863;0.8205856199751387
0.8836654626549233;0.8248010596948172
0.6389913339261043;0.6049218534046933
0.7525096605847515;0.7191507611183727
0.7444488195113351;0.7148759204054437
0.7645537148049899;0.7343697477427862
0.8206527435491866;0.7849675405346414
0.6324269953095079;0.5998262487683392
0.5781966745069719;0.5415306407052047
0.5609854086926153;0.5167985089662275
0.4734345394547747;0.42739417271598934
0.5932093192796509;0.5229311513363855
0.6453747022105538;0.5537091396865013
0.6994551266355841;0.5822744796858627
0.5178208116795916;0.4170733965169521
0.6631165987411274;0.5154168303750629
0.6701475220992806;0.5014760309551363
0.6545354257902286;0.47054877622454555
0.7650027414465583;0.5273662484970852
0.7847126008314906;0.5178801097380312
0.6026000751449037;0.38020107663738056
0.5812865271867537;0.3502196650467781
0.5892659402188877;0.3387129379251978
0.6962105087254237;0.3815381078289791
0.6277136694961023;0.3278266893628103
0.7178374804179676;0.3571934612252571
0.5767872534745424;0.27346187233811736
0.6164345415390547;0.278535040741045
0.7584422396926355;0.32676311778749534
0.5517514010180791;0.22681641609968653
0.9621468868817123;0.37773901431755463
0.7291153763552063;0.2736907612764805
0.6954235547377478;0.24992794328572013
1.1167137845626585;0.38484875989145073
0.6748762909447508;0.22342333072995182
1.0319091655348651;0.3288260674746304
1.0504396975555983;0.32290165446096747
0.9122224347317757;0.2711542841733878
1.0530775669293495;0.3034739821166244
