Prey_train;Predator_train
1.2269673095444995;0.9815738476355996
1.0049962517158206;0.8351258765690139
0.7086550924567957;0.6090895475139657
1.1155177559332132;0.9873271817420974
0.6641507013171508;0.6025738106101097
0.8759158082342738;0.8108644532998717
0.8456315845637333;0.7950154982334264
0.681791603510389;0.6479216247784186
0.6526638810045883;0.6240559084645737
0.7582016530862459;0.7261099474747579
0.7491115982227128;0.7153457084430858
0.4461908749650281;0.4230279564692353
0.7627110807298823;0.7149630102330804
0.41025435931110193;0.37872637077661
0.8061362801286972;0.7301091622551313
0.5928100834730075;0.5248681638972995
0.5357382008191655;0.4621528170110719
0.5652193175701326;0.47357586979932853
0.6943550483750343;0.5634246482732574
0.8540809277081208;0.6693908749269785
0.5354726589811563;0.40438350338633366
0.6492680871848757;0.4714212218147347
0.5726910837229057;0.3990185057297785
1.0581699058141016;0.7062836276207247
0.7316444623828036;0.46713580222401946
0.5738289376785015;0.3500395825490691
0.6205283712417801;0.3612964754338665
0.914044862430283;0.5075926036265652
0.9108455064839811;0.4821900231152357
0.8914620816398385;0.44976217246623923
0.9639352780573522;0.46346307440261547
0.7513368206124004;0.34432510739438127
0.7422983258679801;0.32438198409064806
0.9970995898622644;0.4157530646447757
0.8836192716060685;0.35184490578249517
0.40811483899551165;0.15535428128881743
0.8191628097172643;0.29848708362392307
0.8463414993562378;0.2956434769419209
1.0503510774964153;0.35234610862453924
1.0453256843273901;0.33739209912402024
0.7859123994499069;0.24458590525193685
0.9766247332192848;0.2937467409783023
0.9752517243335933;0.28421757190760066
1.1826905855373544;0.3348728293234139
0.9561905592154666;0.2638130419167588
0.9908453478226376;0.2672079705816571
0.9169606657088057;0.24250008444563176
1.22643252960468;0.3191700832226026
1.3497101504393763;0.3469010916642782
0.7884478014213261;0.20089025473099742
1.2729754431401867;0.322789999566744
1.1585921790744036;0.2935559101659156
1.8040392779761458;0.45862497277998504
1.1350498678352208;0.29074083211734686
1.5238391857892455;0.3949702030334472
1.3828674886642045;0.3642590685929485
1.2248133478451493;0.3292897375723146
1.1265353135545466;0.3104524070990859
1.4245187436852491;0.40410870831922346
1.3994631483718019;0.4103619998893548
1.7107674358642808;0.5206049202586415
1.5258648004634787;0.48372923038514154
1.6858080149313535;0.5587563352456123
0.9871917306369902;0.3432294897541437
1.2453143230774255;0.4555466385989644
0.84124857640445;0.32463294407602067
1.4107437762298984;0.5755686773861125
1.6053210631465313;0.6936871161160023
1.2997891155650858;0.5956483391155748
1.4286183813630366;0.6948479215159102
1.3466676762732868;0.6953469552738181
1.0221755213885986;0.5601578594096577
1.0560716995069646;0.6137096497185085
1.347782975391507;0.829436245433056
1.3455195293669977;0.8752486364334752
1.0960953963729034;0.7518667013974495
1.5774229782079308;1.1378039575489165
1.172954516358299;0.8867970263290019
1.0068921640579778;0.7950392948284407
1.0551719698663395;0.8667506223352625
0.7741134898298773;0.6587649123148357
1.0404943181883624;0.9133142666915552
0.8165479781682125;0.7359525808724305
0.8810066602933095;0.8115644113540444
0.7697484082524;0.7213274125019198
0.73544052365672;0.6977994938604495
0.7113523625641088;0.6802054639577948
0.8935637345765933;0.8571463571250328
0.6780687488235113;0.6495645681488437
0.839684424549112;0.7998054401280594
0.8693491940365325;0.8198770453694235
0.6119057035247484;0.569071396716577
0.7120226489384985;0.6504709461832283
0.6433657907172514;0.5752499109135406
0.43340147003264917;0.37797202699922167
0.5461644777724978;0.4630916705678521
0.6762267632365907;0.5557941396955363
0.7361192745968246;0.5848630138185155
0.2297176646421695;0.17599278552004416
0.5732954054710524;0.42255996011760244
0.4901613697895682;0.34687936033185524
0.5307201309280194;0.35996456816682904
0.7927341686785165;0.5145254729621483
0.6485329288015437;0.4022825856095811
0.8707817955120546;0.5156642987208161
0.6420676830932456;0.36269263423963527
0.6276070295084833;0.3379790557753381
0.7303726403844547;0.37483115206084283
0.628536262231215;0.30736623317910433
0.6998612007505788;0.32614983660434677
0.7651921487050689;0.33993695288959475
0.7958783926903128;0.33723904270455174
0.8104742676874748;0.3278164667372429
0.6059104920626945;0.2341709985003698
1.0549630348533552;0.3900518029889883
0.7381068769531959;0.2614482042180671
0.7357414804049024;0.25008439529143545
0.6809300078012338;0.22251734973705292
0.9485214612700574;0.29860981783331614
1.078989527919568;0.32798512618612724
0.955830173896619;0.28123518162729655
0.8170774461595975;0.23332533080531725
1.097940416785202;0.30516076597329445
0.8830202594686809;0.2396043556694559
1.230467900504777;0.32701665065812985
0.8359610929432644;0.21834229134493596
1.3351862416446936;0.3439489143199581
0.8398022528384701;0.21416295429820872
1.3349460159276898;0.33831612974703457
1.617312447198834;0.40895588240729563
1.2505039512922116;0.31678982023969
1.3285427107223071;0.3385988087758302
1.5423896973178484;0.39717198095256756
1.6080806419591847;0.420182344106969
1.5659256535755006;0.416990012930012
1.6957565560237011;0.462185636833255
1.3950955497311666;0.39084930027469067
1.6812554870389738;0.4861940345791845
1.5931517971893827;0.4774944963200702
1.417905971972242;0.44216758199775735
0.9827437726743044;0.3200440085848622
1.2405855130535817;0.4233663723797133
1.5892645164400387;0.5701179589345744
1.2797387665996962;0.4839222310027921
1.1624596596858663;0.4644656122020071
1.6326349796904012;0.6906099985066545
1.3544956228353329;0.607478857388004
1.4673859743800148;0.6984434254672212
1.291662467425395;0.6527765455093587
1.670609245786056;0.8963546856311545
1.3718954762710918;0.7809798344707835
0.91014209183714;0.5490748588471668
1.213102742461939;0.7742570619885548
1.3682525202531726;0.9218560239398682
0.9255500637083651;0.6565178393377818
1.1486986361799212;0.8551786698567051
1.0246201003469166;0.7978216910820818
0.7350629862178955;0.5963527841600335
1.0129079823021545;0.8527195965880409
0.6238732102208934;0.5426422675704229
0.7864829786446335;0.7036164304521981
1.1475285506872903;1.0510786636984994
0.9685573101924176;0.904037930170674
0.8353247393680119;0.790787234043656
0.9171588205846594;0.8765009918641462
0.6211246036431087;0.5964507043040221
0.8061947426372328;0.7743668212155301
0.6488510237437081;0.6206364339668545
0.5524285546103076;0.5239516182610917
0.7137891840744695;0.668524623580539
0.7821041709716394;0.7205005034914936
0.6816749849339713;0.6153837372798401
0.6067149999069739;0.5348367989560211
0.9563193359430928;0.8204888647740318
0.6272460855911192;0.5221627152542803
0.4543688771670153;0.36596669465054193
0.7704386616293266;0.5988344338375021
0.5830599379978588;0.43630778876892895
0.7013356938750822;0.5041937219472639
0.6285633733457513;0.43330969967142063
0.6876271086054296;0.45380742208814845
0.7331620651387991;0.46257711874401547
0.917912023387516;0.5530333602070656
0.7543888530918733;0.4336263940078623
0.5701790934669861;0.31247022232299204
0.6116490005049764;0.31943683343487134
0.6387235192791121;0.3178266262781961
0.7626533635779743;0.3615832622733242
0.8094211120601824;0.36573573872329984
0.6620029390878065;0.2852137355225384
0.7542093594264976;0.3100437326997439
0.5875688391165154;0.23067961571949552
0.812702688444332;0.3050672427232008
1.0326177099476945;0.3711119916623511
0.6869096893462721;0.2367270340500588
0.7731550512748592;0.2559593203143912
0.918164686914242;0.29258048418980204
0.9408700523318927;0.28922031149214544
0.9802937703092207;0.2913882025341611
1.3335165498428538;0.3842903792730619
