Prey_train;Predator_train
0.9440097189775859;0.7552077751820687
0.9679243015414629;0.8043200453705134
0.9884817415113439;0.8496007480531409
0.9126212427588986;0.8077466762125305
0.5871716860042515;0.5327319230654374
0.7252009197274428;0.6713426584830845
0.988885228719004;0.929694558666833
0.797613766453377;0.7579899852759501
0.8052112513751772;0.7699167268294105
0.8106995198711842;0.7763857852266077
0.7376531408811767;0.704403736240155
0.7326797777004649;0.694644481761879
0.5741828936274063;0.5382372702115998
0.6464778033160167;0.5967960770694595
0.696143834269715;0.6304901592651236
0.5610955089996367;0.49678839444550305
0.6836715893076641;0.5897670735927675
0.518682956924143;0.43458481484925565
0.6634278457569744;0.5383292042379108
0.6079138188765951;0.4764559772924379
0.6089717369518457;0.4598892591834725
0.549568978893265;0.3990315935974347
0.6474137487383079;0.45108099977939564
0.6495361804729298;0.43353791040049156
0.7713922338955438;0.49251371196962235
0.6116491847438217;0.3731101923168611
0.599084743670676;0.34881113645339035
0.7653197370231613;0.4250017191601626
0.6027952467545172;0.319112134711318
0.5371466523127437;0.2710022672335623
0.7956043568813661;0.38252904488719697
0.9467397432265863;0.4338750009553878
0.788635593208349;0.3446312210798757
0.807686965880739;0.33677511730292004
0.826860646193761;0.32924441046482367
0.8093489823258392;0.30808933527273524
0.6586777433620083;0.24000942954425866
0.7496174253861877;0.26185588463521686
0.8662488399620824;0.29058798948316655
0.9320498007459908;0.30083087355129556
1.081726333697725;0.33664695295239516
1.0926536224958918;0.3286456196622223
0.9910939597091533;0.2888344739439514
0.9831190724575111;0.2783651695393147
1.2048551128621552;0.33241960959530825
1.1945079562235654;0.322131044494015
1.015220569755688;0.26848597012216696
1.193570209344955;0.3106179050644082
0.8268086824405607;0.21250550308357993
1.353396460195732;0.34483469818880624
1.00058756504289;0.253720259434035
1.4226681317225676;0.36046561146779593
1.2781385490512713;0.3249298750996706
1.5990573775229688;0.4095954598286454
1.2139724617095742;0.3146545607633161
1.4167231299357956;0.37317693271029734
1.6156137450858472;0.434355999690496
1.366543160175959;0.376594154108491
0.9136242448193834;0.25917771535104733
1.1466330537013742;0.3362250971764244
1.61673362361657;0.49198942039550325
1.3006854081962067;0.4123429227077148
1.727966651031776;0.5727296968608048
1.4303309738262404;0.49730133984119973
1.5070292536063667;0.5512842003247426
1.6327923498220698;0.6300850931041628
1.4177629658385413;0.5784324331916959
1.497937127829583;0.6472846523862893
1.1345107218251262;0.5199069749635166
1.3389324191823864;0.6512266821259186
1.5732809732854272;0.8123579067344037
1.292563075817474;0.7083317400501734
1.3764514104900725;0.7998903042102004
0.9991010981956404;0.6148546752897774
1.297115536113355;0.8437622639442427
1.0790058642732747;0.7401441358518842
1.246769489705259;0.899301759347704
1.1905518725899225;0.9001012789319978
0.7321311826438982;0.5780887764835171
0.9598539472769325;0.7884534748005337
1.0086067583891887;0.8583169670592148
0.800365529509965;0.7025365193174082
0.9785652660047723;0.8819783433717215
0.876835160716118;0.8077217155477494
0.7729174025861539;0.7242970613618502
0.8277742589084366;0.7854074399177797
0.86964590878801;0.8315680526229159
0.6934043353062805;0.6651444961607689
0.7119893536639776;0.6820592422844305
0.5979966090293519;0.5695960614449076
0.5364970502955335;0.5059665545939747
0.5781942796764741;0.5377198225375236
0.6546530002553371;0.5980606896882011
0.8167501022064544;0.730277285973032
0.6897231383976619;0.6015116946160568
0.6288745952195293;0.5332213989193245
0.7011776602115809;0.57630140600436
0.6759129271368315;0.5370277416803931
0.7090330574128464;0.5432089995963392
0.6427091039890838;0.4737228499602207
0.6784998239677505;0.4801634715201064
0.6379698349022442;0.4327074153424117
0.685749631797261;0.445086975653238
0.6981977036894179;0.43308946243622504
0.8105323948844926;0.4799854810387219
0.4812016266047671;0.27182225511314845
0.6516812369345081;0.3509435024941069
0.7976211391585116;0.40934344191958333
0.8178345649331239;0.399936717564745
0.707519365796721;0.32971870036734674
0.5968337098673443;0.2651436414467141
0.8536198343388721;0.36170593197405093
0.7396595921126967;0.29917371067997167
0.7887185355589265;0.30482226240847565
0.8948303539589976;0.33084589829206523
0.936895403200415;0.33186199499729485
0.794358246773825;0.27000870153449785
0.9432031962204575;0.308224153851299
0.9200733117111848;0.28965388261800185
0.991841692825152;0.30149442080791844
0.8208848557680041;0.2415300414359815
1.2095006552486107;0.34538603631950854
1.0992032907725007;0.3055117682566608
1.2098541469110236;0.32828954966340357
1.1097265190114212;0.2949276850251418
0.9479305542971135;0.2475872753029596
1.1999585641139154;0.3091137644195012
1.4146838231527743;0.3607669138065023
1.614209134444747;0.4090899410551436
1.4883462675445205;0.3763453142436886
1.5474776311520386;0.3920220804508615
1.3913232012739196;0.35459934766974427
1.501997951927985;0.38677093278781327
1.516575364620254;0.39627253453200484
1.2216429721394386;0.32531105010326183
1.2285803971211777;0.3348547945913814
1.3594280215006787;0.38085670266795296
1.4158357432383015;0.4094385996733944
1.8162439564890744;0.5443589837001764
1.40494403794876;0.4381254613363954
1.4000147555919777;0.45593403582533654
1.1960440638634096;0.4081660080632198
1.3304998569022684;0.4772911336867965
1.6044994311281142;0.6067276889777172
1.2415294542316269;0.49605827885876486
1.2230845049573087;0.5173687925651673
1.3494333436192785;0.6052084716133269
1.4843440306899016;0.7065150870103593
1.172594076599546;0.5926021154219216
1.1471662930787407;0.6155047235569622
1.3506587122613778;0.7688903679422677
1.2996020401887731;0.784030112631938
0.9671107833079937;0.6172538627535009
1.3084041180949275;0.8815333428294068
1.5022185347581667;1.065564473844989
1.1048602231480191;0.8225420195078151
0.8598734301718354;0.6695414953737185
0.788776203389089;0.6399300383638501
0.867198744288014;0.7300538413274562
1.0478052068215662;0.911376517033699
0.7655969131542497;0.684930992565341
0.9085700250529368;0.8322046255295233
0.7297147822589376;0.681105634562045
0.7220432111672722;0.6835456043729284
0.8113683351327685;0.7754002191874333
0.7076300870669552;0.6795197957740483
0.7102361279852252;0.6821965756576805
0.7567170897832688;0.7238120599935606
0.5770242974496893;0.5472794842004589
0.5304763603174227;0.4968364847940596
0.7621496153988853;0.7021176999331686
0.6817045608702994;0.6154104370277161
0.683940693659381;0.6029134788634379
0.6944343287069624;0.5958005998686591
0.772357475116413;0.642963400837581
0.6096227330351996;0.4910143009436689
0.5445977295350115;0.42329634956999657
0.5304319771722308;0.3969259212818646
0.6049809061819669;0.43492378536952664
0.6625890036711604;0.45676578426469805
0.6587493293099089;0.43474919937742834
0.7176893144895928;0.4528148291293729
0.6252107927462675;0.3766836218945796
0.7154984849209163;0.4112720206068061
0.778888188768256;0.4268472279986559
0.6721394445619931;0.351028278670112
0.8497675574148946;0.42284141376015166
0.7829409078660085;0.37120183448123645
0.7182006019081417;0.32451788540803783
0.7217178828361783;0.31094099618464305
0.575802323602314;0.23670337615883905
0.8820573745021729;0.34629585956031206
0.7857414239751374;0.29494669220835945
0.751294620341481;0.27000741919704224
0.9399047551731633;0.3239157467606002
0.9555401072596913;0.3163393888251042
0.9425965717697277;0.30036589872661174
1.0239829014866482;0.3147689237175653
1.0415473565335158;0.30959557355829653
0.9939884073857748;0.2864457753541341
