Prey_train;Predator_train
0.9714837537660406;0.7771870030128325
0.8887341056320153;0.7385150419571774
0.7946230592323794;0.6829790750731405
0.903634154502919;0.7997923460616664
0.9499753815644183;0.8618981874442271
0.9344829724482812;0.8650820289450106
0.7442709108914214;0.6997218645141486
0.5796076043391124;0.5508139126439126
0.6011343577017995;0.5747850595431176
0.9698101365547395;0.9287618728445951
0.6605949220879742;0.6308188842037332
0.7325764408248525;0.6945465093698581
0.6255154594473314;0.5863562587891359
0.7778435255297256;0.718066362416309
0.5919453192792079;0.5361186586104173
0.7238525408730245;0.6408918550011787
0.5749489540202342;0.495977845768199
0.8007244573450054;0.6708967113632038
0.5674223145008664;0.46042686478369566
0.5356270863282366;0.41980083188835426
0.592855263237373;0.44771826222670436
0.6586887850294109;0.4782614115235408
0.7603830008817587;0.5297915358168321
0.6451919202993033;0.4306383005950165
0.7422866333351759;0.4739305492915378
0.706576043569443;0.43101622642250187
0.7837539407804524;0.4563329406594506
0.7895838091460666;0.4384761820116922
0.5914668482194222;0.3131150246497204
0.8743752956079366;0.4411415141517122
0.8139425801989735;0.39134611959265697
0.764651876886187;0.35042717514303345
0.7883811159903319;0.3445200153530007
0.846644797336022;0.35301906924525905
0.7309771869402246;0.29106495040637403
0.6336910504755018;0.2412228331321714
0.8951394101546742;0.3261714872848387
0.628112272316299;0.21941178146023832
1.04411559968933;0.3502543829265203
0.8915331883469773;0.2877536239326819
0.8939346778108866;0.278203808161714
1.223987558931211;0.3681479120939912
1.0434733876771682;0.30409940858956913
1.0562138639236325;0.2990615883037744
0.9902597091372404;0.27321272275418057
1.1130456981499193;0.3001625660561926
1.073100460299687;0.28379292806433126
1.1280752347036656;0.2935733176106975
1.0532187213396595;0.2706971745563632
1.0549316096352157;0.2687882183213193
1.219353672455721;0.30919305908428674
1.0797597741023355;0.2735819117132147
1.2295769646868075;0.3125844923914346
1.5789781874817348;0.4044522140680299
1.0904210071696585;0.28263074647911157
1.6689067767440935;0.43960425206936116
1.8623266837399555;0.5006845051464774
1.5478160610702558;0.426549630645573
1.7107619670727772;0.4853104333095289
1.7069754468712606;0.5005332644557899
1.488504188992999;0.4529678250649321
1.325091274158679;0.42008006347885224
1.711428444653103;0.5672481547718858
1.3454066621406817;0.4677746255637737
1.6237249204695825;0.5939724741151158
1.4200448584202074;0.5479870706935194
1.6885642609704494;0.6889165238534707
1.1174864598289675;0.48288531024318815
1.3725779940341767;0.6290049613914507
1.6061586855203147;0.7811995413314741
1.1255904669195491;0.5811945425345688
0.9481503877769453;0.519591675306474
1.7012111583623806;0.9886163075700423
1.2072950759422025;0.742978886959479
1.183252658816706;0.7696954622968757
1.2230294719692996;0.8389371379939443
1.1704616037571607;0.8442604572851617
1.1160022301681656;0.8437389901206984
0.7028379844926369;0.5549589474583431
1.0912385658886636;0.896376830612785
0.9783008686589855;0.832526876777843
1.104963835216922;0.9699036479497029
0.8004403509355258;0.7214348181070138
0.5875497759196028;0.5412382329512048
0.667046689756423;0.6250861418893636
0.8308484241556486;0.7883242644393358
0.6392119345160218;0.611223738566898
0.735881925541214;0.705890903294867
0.82014553175636;0.7856688264705521
0.6867319047154804;0.6541170673683496
0.6156447314146026;0.5806101700581384
0.6430779347650082;0.5980615255362364
0.7431159180358474;0.6788763181188466
0.743338106516994;0.6646377313220654
0.712330526649604;0.6212277337935456
0.535707607333701;0.45422531290914125
0.5039026642252028;0.414160105720851
0.6356165529205068;0.5050113828056353
0.5382613542933365;0.41237627601445664
0.6444702641875888;0.4750209517348713
0.5655315679905298;0.4002176439082594
0.6774421406136869;0.45947977736893447
0.6815819011042381;0.4423819028927423
0.6920317984568666;0.429264774144517
0.7207364307950935;0.4268096187403024
0.623996117197337;0.3524843275264778
0.6377499615730732;0.3434412294617422
0.6638137897876155;0.34067279334148226
0.7148395504202208;0.3495701889341142
0.8446609914085351;0.39362954259860283
0.6027284707397949;0.26776239158990983
0.8561541524652231;0.36277980334270354
0.9438342225420023;0.3817572159351031
0.7653635847179083;0.29579609067187135
0.934667876304086;0.34557503751681146
0.754193679777655;0.2671463840364508
0.8648846951390673;0.2939812036445702
0.8276090177782015;0.27044977184827956
0.9271811332471497;0.2918915392032353
1.000889291044804;0.30424465847655974
1.0431377409711602;0.30692380305211225
0.7963057263763035;0.22739374082861172
0.9702745398760776;0.2696774044077256
0.9834406558340871;0.2668530672467897
0.9447666852042161;0.25108695393201524
0.9905740053027803;0.258725196531627
1.2959832670030929;0.33385008305168357
1.3163932126248972;0.3357012421447788
1.238204272043061;0.31379881445074376
1.021869251886847;0.25839128508165843
1.1956825152775155;0.30290192101119806
1.2574691272305272;0.32048465218039623
1.5072595782516773;0.3881258241966752
1.438868839818354;0.375968260671778
1.1409935443126085;0.3038349309302219
1.373996103253167;0.3744884616442549
1.2564215209962748;0.351998450877494
1.2610025485996037;0.3646631469426771
1.2963620561401243;0.3885415991979678
1.2011845070085183;0.37458397065522936
1.3816242854536511;0.44994492661245034
1.6105931540708835;0.5496364207415505
1.5780949174935917;0.5661110809809091
1.5387098807491113;0.5818499351524817
1.5615481926004855;0.6239231023768321
1.5329484593839844;0.6484422705721452
1.3303531021539619;0.5966511584049055
1.539835758173887;0.7329279278754792
1.2466954301869961;0.6300512376440762
1.1700380525261174;0.6277764195271579
1.1393532061583658;0.6486003443701761
1.1001065544460877;0.6636775252093441
1.2665314634936164;0.8083576893499597
1.241240387327224;0.836281981050788
1.1604635969488446;0.8231483991762382
1.0038332756292347;0.7473298725811733
0.817497832084888;0.6365456842287915
0.8946738373598554;0.7258442389677509
0.9206250332916294;0.7750309215779394
0.5961822152961146;0.5185567578368944
0.8746105662024102;0.7824585926673632
0.9677476764646129;0.8864083895485941
0.9159261339633988;0.854912721863612
0.8118321221316744;0.7685471866354767
0.6527291915248089;0.6237935796392065
0.7036445365688769;0.6756925695014534
0.8262803551668885;0.7936594698823735
0.757065082511551;0.7241449206318644
0.596435836523661;0.5656903849872954
0.6334695907634271;0.5932984544504608
0.8807748221221028;0.8113992053171362
0.5387537161923652;0.4863612171069675
0.7386574480476528;0.6511478784922144
0.6385266209680326;0.5478337231876645
0.623902681344383;0.519379435964425
0.5225108185698957;0.4208509138729702
0.5991670670037172;0.46571114510849204
0.686132288389525;0.5134375422502413
0.6624840696041158;0.476263095834907
0.5553325869211303;0.3828269457949869
0.8195818314487259;0.5408924596855151
0.5714552298828902;0.3605507244573302
0.6927236181818018;0.4173594641936014
0.648579522841029;0.3728066746535615
0.7038732979136523;0.3857374786384223
0.6453108428589781;0.33701690357357605
0.6756558648540706;0.33620403440601576
0.7094954894396891;0.3363804657416719
0.6616007021197775;0.29894330395429514
0.8275378192549663;0.35653188041900574
0.9145569550576359;0.37596013436931547
0.6878223982162385;0.2700391782899161
0.8288902295424957;0.3111436204681029
0.904395828330492;0.32503039011392854
0.6264598389907561;0.21589443552164084
0.8921379634014197;0.29534958914432946
0.8650303093055869;0.27564879192432057
1.0345624981202137;0.31802105638587325
1.0237415805809804;0.3043028815034458
0.7696863648110255;0.22180681978741798
