Prey_train;Predator_train
0.7348578504788379;0.5878862803830703
0.8963727181859924;0.7448625313075308
0.6842739835726984;0.5881339673788961
1.1724560846872591;1.0377223989968938
0.7397619491825056;0.6711747435924202
0.7784275498808589;0.720616323776725
0.8756211325178647;0.8232099931455923
0.7714777899726019;0.7331523893604169
0.9850329679944838;0.9418563851935166
0.57767107407688;0.5532205206204389
0.5858309352029989;0.5594248525385581
0.6438765045708991;0.6104512154546646
0.6506714946166505;0.6099374484225344
0.7072911247365616;0.6529359034814178
0.7215329291614428;0.6534847958529424
0.6795142705185964;0.6016351905143466
0.7170212518009845;0.6185360515078946
0.5227074006340169;0.4379567438883325
0.5095796001968916;0.41349120695538955
0.645836127296932;0.5061778062072444
0.8558108881878396;0.6462996744970075
0.45731995543859716;0.33205133042637175
0.6252393619403548;0.4356311509218317
0.81371510991015;0.5431203973193531
0.6963942119820766;0.44462944176321184
0.6995065158074038;0.4267037660634013
0.7781468027278908;0.45306824026934994
0.6386564837270575;0.35466235928078443
0.6301911311048797;0.333615167348715
0.5432247309816973;0.27406879123146544
0.526919950101536;0.25334474792777606
0.731270895241417;0.33512922916935306
0.8775458862623381;0.38348473355844676
0.8771654536669302;0.3657450361732947
0.5837613814374972;0.23244566393172003
0.8613587488612936;0.3278875369749859
0.9014012103960315;0.32845316617712556
0.8858664216517692;0.30945029778456945
1.2197902014746387;0.4091854048004235
0.9289153674855;0.29981919553249553
0.6345792944652902;0.19748912385090986
1.1726678305980796;0.35271209275317145
0.7558032610485218;0.220263714828951
0.8896019124078627;0.2518862608889278
1.2199962078577609;0.33659703875965674
1.2899091412003416;0.3478585276827363
1.0545919037047562;0.2788981417282478
1.3895964503064533;0.36163229854405793
1.1744973940497891;0.301868092212308
1.2113125131198494;0.30863283388047164
0.9425892462855531;0.23901355209931155
1.7309484571997635;0.4385755048074879
1.5957551053218526;0.40567472708398195
1.6178124410591184;0.4143995331415771
1.684314696351274;0.4365645166458461
1.0998289375075416;0.28970430476679654
1.280088304316082;0.3441503495526273
1.4909883598388285;0.4108889616679289
1.6555963295540175;0.4696609975824563
1.320960089088726;0.387342692491146
1.5693798157429;0.47757914764001297
1.1704073488307294;0.3710422089263954
0.920523005886167;0.3051047668077283
1.0174764100811178;0.3537589489770938
1.3448945751152315;0.4919739471475065
1.1880620334044492;0.45846624465918057
1.4327045435030812;0.5845284403046415
1.4547167606271643;0.6286083809721742
1.2760905032802854;0.5847880858039072
1.6653301609401288;0.8099792191270656
1.2609495063896508;0.6510866901093824
1.0645389755858243;0.5833732674523784
1.387488677930529;0.8063043360774445
1.3289542571275945;0.8178489040967405
1.431629826817015;0.9312626286357774
1.0357241447997672;0.7104550378417648
1.3069317257785056;0.9426971144584173
0.7674283043808108;0.5802042012324069
1.2353446514355504;0.9754247531226719
0.736514928117338;0.6049959537740354
1.0788727109588307;0.9181127782566547
0.9705602243105484;0.8519282460759278
0.6214767358567658;0.5601353746928741
0.9086299960908223;0.8370104349387923
0.5364477886330948;0.5027025599125435
0.7486593610295397;0.7103417698589403
0.7912750368569822;0.7566286862722245
0.891480379665626;0.8551479097805014
0.7855000279020847;0.7524797261198164
0.7962418955849375;0.7584261195373209
0.8050076517017958;0.759196994147453
0.715607644417289;0.6655140479388192
0.4501868980001171;0.41126991948639874
0.7859806391505628;0.7027655171827981
0.6256928461536867;0.5456704918924373
0.6181315906243966;0.5241124287329653
0.7189246284963556;0.5908877274963257
0.6570977487471723;0.5220786670966089
0.7809235202169479;0.5982861867204868
0.6172517334611004;0.45495893632626283
0.8084247424549138;0.5721092579360044
0.44149786987730866;0.2994489577756658
0.768185386062225;0.49859204346541275
0.6609949946728015;0.4100127591413874
0.7359736097234056;0.43583285421335366
0.751344648843251;0.4244212519745166
0.7164159704980544;0.38580446340910846
0.866683436332906;0.44478658283491146
0.8618441313888571;0.4214582358576197
0.5806019379963442;0.27057254639432604
0.5980513889514696;0.26568459592220817
0.5378297353244792;0.2278956015701838
0.5949191039739291;0.24062982186428009
0.8943600168843004;0.3456503574639105
0.8505790489766135;0.3144848498735358
0.8761197524385179;0.3103343744750842
0.6578580531625353;0.22361119740348598
0.8659279803968779;0.2829718136277484
0.8373290029111828;0.26360464284178403
0.7608834458460529;0.23128904084911192
1.431252528712407;0.4211193325546731
1.0656467034460761;0.30430697943238155
0.8093850087358824;0.22495988439549763
1.2044732432476746;0.32682946090399967
1.5197865288350996;0.40390773312421735
0.9719529424092382;0.2538616142743005
0.8068479692082924;0.20784702116808101
0.9708514730185661;0.2475825933351191
0.5507928052298481;0.13958773458594154
1.0155212633429507;0.2567861238396381
1.2810119357775462;0.32451839951446754
0.9007447063541869;0.22956814419375648
1.1102270595540933;0.2858882429758439
1.4337510544074972;0.37463101239301605
1.2213363279880267;0.32522939389667876
1.2230502516803585;0.33334753001188366
1.4527414898302737;0.40699935921205477
1.4019183505389727;0.4054138970868608
1.5677624981266507;0.4698848946554538
1.2127174301854977;0.378180460729559
1.3521615410546224;0.4403499791973
1.6593303551729093;0.5662686414255704
1.5968867766887727;0.5728522976242788
1.2490311875175664;0.4723104235261752
1.5993529737640082;0.6390281605876464
1.7279707566090228;0.7309373475922936
1.1981300669583135;0.5373503404569754
1.7660782544688685;0.8406143763337902
1.002917015547108;0.5068512257279866
1.54031690376713;0.82644716442887
1.2379151887404312;0.7047087886164367
1.1107458035497118;0.6700960221146136
1.3172068337117846;0.8407010036356679
1.0112241134557511;0.6813092077257408
1.4933624545325879;1.0592826152155341
1.3855813293267625;1.0315321711641272
0.9017591369338661;0.7021558520408745
0.9714830332106038;0.788159140756465
1.0057064313746986;0.8466569495273362
0.5877198193563283;0.5111962018030514
0.8168006489515565;0.7307397268746404
0.9412780949167853;0.8621635789203218
0.6785377727928386;0.6333377252982496
1.0461628173112594;0.9903839329442109
0.7317137569355102;0.6992767439185471
0.7562248232071512;0.7261841275784637
0.8290891464627341;0.7963573723520755
0.740245843434954;0.7080570480994196
0.714482527300716;0.6776519303252899
0.5446357683524277;0.5100979815187527
0.7939312910548866;0.7313960418239991
0.5612984654453033;0.5067135438872347
0.6972888328245366;0.6146802491331789
0.49117344893743176;0.42140980567792313
0.5164999426045139;0.4299700207852064
0.4529625652003039;0.36483399527792254
0.5426839838548914;0.42180886345599483
0.5861369173231737;0.43861031370337367
0.5949592438579868;0.42771916243167546
0.636160504388106;0.4385468972395907
0.7546180669100354;0.4980188758120771
0.27072407746800037;0.17080911531623105
0.7146581634538468;0.430574821403594
0.8339724167226229;0.4793714147329955
0.7985069501856924;0.4375987248740197
0.864935289707843;0.4517168994672435
0.5341967077938078;0.26581444440725727
0.465481474404272;0.22069044480872516
0.8080613064395139;0.3651213125540473
0.5669895521932632;0.24427868614317827
0.9683517844683484;0.3980743517308261
0.8238256589208263;0.3234340791548194
0.8734590156283246;0.32787357211714974
0.933878520302104;0.3356261608737645
0.7587280593963983;0.2614775216264621
1.0831063842503146;0.3585712509848581
1.1417884571623722;0.3638399781651547
0.9265717686934719;0.28482506685931025
1.212093018465199;0.360289554674382
1.182475361823519;0.3407636038186109
