Prey_train;Predator_train
0.9996791672012613;0.799743333761009
0.9498834501640832;0.7893285647606475
0.9452104739974849;0.8124090633663071
0.8873715726144051;0.7853985911810872
0.8737989839603336;0.7927845027160306
0.8133406659939479;0.7529365588311688
0.8016126226665133;0.7536313333521074
0.7688133886177776;0.7306203498838509
0.758057578945301;0.7248299237411598
0.7373012008839822;0.7060941295336989
0.7050281293111403;0.67324928332566
0.6935708241440998;0.657565774798416
0.6848438793039423;0.6419705362327817
0.6770513233557762;0.6250200264894424
0.6527409990525208;0.591180667258556
0.6347365057189465;0.5619894020079715
0.6566787262725532;0.5664817680614538
0.6541456764432546;0.5480838995893765
0.6314444398779544;0.512376718906178
0.6333876809494443;0.49642126426643896
0.6355874013495592;0.47998913811021526
0.6468971987325399;0.469699764757092
0.6416929209116928;0.44709505301718316
0.6479420511106544;0.4324738965188849
0.6453546225569669;0.41204200240279665
0.6610437881052025;0.4032412387063021
0.6674118095070679;0.38859389129185923
0.6845117022716556;0.38012694064611424
0.6893827719125108;0.3649504689405688
0.7194919381728812;0.36299946329665483
0.7158158196809404;0.34416646848318605
0.7266259558429743;0.33300053107639177
0.7447151455797734;0.32543812654170934
0.7706332390964461;0.3213251054648769
0.7973461244635874;0.3174921383595612
0.8108799135557804;0.3086721043813408
0.8268628197063341;0.3012928183304411
0.8569737726888573;0.29935753593376224
0.8807528246086436;0.29545343177123173
0.9006359556970416;0.2906916573419077
0.9249061764096022;0.28784253129049797
0.9600861330469506;0.2887723022448573
0.9827210240868157;0.28639434964276594
0.9972551472379771;0.2823677272793945
1.0560216036193308;0.29135643402420563
1.0701292259472626;0.28858899055624615
1.0937558238859315;0.28925546053844525
1.1291997372293372;0.29386596115694974
1.1502344958732977;0.29563206749127874
1.1708539810718088;0.2983243203751751
1.2362804223440806;0.3134851965474038
1.2644844155027448;0.32038613775217467
1.2807677623562954;0.3255982767775998
1.2903935635326893;0.33053181983615487
1.3416358266839652;0.3477441581789072
1.3770231448539267;0.3627196186815726
1.387313073585385;0.372977612250294
1.418820134400014;0.3910007264444313
1.4441084931154056;0.4096659453676023
1.4278448835378879;0.4186843237866546
1.4744093070121966;0.4486786009682836
1.4706027785207794;0.4662100797135034
1.4644163823796181;0.48537669998288163
1.4787556012216538;0.5141377452087139
1.483390527383358;0.5426369519376514
1.4621995078365897;0.564254305290245
1.4444237086880383;0.5893097368938782
1.42130085012307;0.6141687856026716
1.4099779726458008;0.6461440764034171
1.375536580339978;0.6690301246904188
1.3461292615644356;0.6950689467977326
1.29055166856047;0.7072294777088156
1.2813753100546281;0.7446392068442934
1.2255516070312098;0.7542140998072295
1.1736017397180127;0.7634176241852021
1.141488917047603;0.7830043895653248
1.0904120757476765;0.7865202880170632
1.0187456928874112;0.7702094483960958
1.022987197265247;0.8077478889640594
0.9717605320759339;0.7982339087763616
0.9122590721837632;0.7763257914903677
0.8692418813930272;0.7629940861804312
0.8567534160711036;0.7721896380703647
0.8341138879126134;0.7683677966982269
0.782348253579115;0.7331346650145663
0.790104302133471;0.7496654921656791
0.7455965825913278;0.7129502846645484
0.7384749275772154;0.7083782269889397
0.7112798859850957;0.6813795987125242
0.6999315223539646;0.6666897978921281
0.6806150133660951;0.641883181143451
0.6719648574908753;0.6249263208270164
0.6649128829646272;0.6074336437980041
0.6531260044849339;0.5839767692286169
0.6471481249792956;0.5643817695144029
0.6517748587619596;0.5526384824754718
0.64045047801736;0.5263894329522636
0.6391699536665425;0.5078346381412189
0.6416447595292875;0.4915810402295396
0.6433148946999916;0.47416936129835097
0.6415250824535773;0.4539970384322065
0.6527187093553715;0.44271094057930677
0.6520313328096343;0.4232020558155977
0.6417104310748809;0.3980506154136047
0.6687184107577245;0.39600530477592766
0.6868218852944009;0.3879734884502543
0.6843114772091139;0.3685155456344947
0.70865329358667;0.3636846669215072
0.7167435102075285;0.3505012616233363
0.7307153851509183;0.34052852653592
0.7440679892839532;0.3305525356577658
0.7619455292253223;0.32286060688287405
0.7871608998162922;0.31838679550895954
0.8135007342629129;0.31440003386410936
0.8199327914778848;0.3031539997893852
0.851233074049122;0.30151915058675194
0.8635096967995413;0.29351383074603815
0.9076812502710995;0.29661613367360506
0.9185084060191371;0.2891612251266226
0.954625987111666;0.29018180134433696
0.9744884038170556;0.2867250173991953
1.0088394575247936;0.2880850539478134
1.0201450270959085;0.28353837158482
1.0640464530129317;0.2887251589560795
1.0855512400094092;0.2885027154954851
1.114243482605102;0.29102607425375815
1.1620233237405337;0.29934150618770666
1.186293798448211;0.30252381877115453
1.217254496014459;0.3084895007702662
1.255158506363784;0.3173811315309306
1.2881442585386942;0.3263252288675941
1.3108496012560547;0.33408945748402546
1.3448148941416607;0.34629561935584646
1.3563244056760166;0.35439986856138345
1.367405836751028;0.36412621266242845
1.4134520381219702;0.385242343927305
1.43314856183825;0.40151021390047337
1.441154357498706;0.41676036564657204
1.4483979090247776;0.4341093116556402
1.460634916099428;0.4554924104980248
1.4799759369951966;0.4819744928997451
1.4896547240975606;0.5083645665724036
1.463870422926542;0.5251352490603851
1.442794817109533;0.5455804770453662
1.4712614071610464;0.5878486401591819
1.464709202198621;0.6195768389912196
1.4205203739251877;0.6370903523793529
1.3961095239154135;0.6645174038976921
1.3657156368906633;0.6902013165828041
1.333047353615181;0.7152380154695964
1.2808480840522283;0.7291492259922454
1.2398277011346153;0.747969164486363
1.2032860270971335;0.7679915900456699
1.1533713679379416;0.777080493282499
1.0932466249332264;0.7754695723197943
1.0746352093506835;0.8000402193998559
1.0289986581739303;0.8012310604755438
0.9975533164981328;0.8093098262267713
0.9436212658773793;0.7943903683551253
0.9024503779865426;0.7849475044889537
0.8833941577326158;0.7903167148223831
0.8488607990987899;0.7775139658602993
0.8236876520366396;0.7688186049686743
0.7962434552647571;0.7537896699798057
0.7592981341978539;0.7256383003772054
0.7512003003307755;0.7213592016443947
0.7260401793602176;0.6973766957680477
0.7119763199529486;0.6810167944791305
0.6886281732492133;0.6531303328601916
0.681243497476341;0.6380428043436787
0.6708979502038345;0.6180536159431914
0.6581929156107043;0.5941852425446752
0.6564691350731908;0.5786965063824153
0.6464397195097374;0.5546228876386015
0.6435388762125231;0.5357259530095614
0.6312770547244543;0.5084555495232962
0.6337970346392032;0.49262778117002004
0.6411868036356719;0.4798045248019163
0.6457475497869939;0.4642311284151199
0.6404099438389134;0.4414763128089391
0.6580523596526865;0.43428922623288607
0.6572699347163808;0.41469416803583725
0.6577640690339016;0.3962966646616411
0.6745226116717221;0.387718888709976
0.6902771673767081;0.3782865110735139
0.693098675859268;0.3619743449128477
0.7059967620510109;0.35130156049248384
0.7218272919055622;0.3422271237101117
0.7307744686241461;0.33019936858591203
0.7579664469589923;0.32655812984124266
0.7792466985384072;0.32033619324548485
0.7908538019606611;0.3104893230908907
0.8208846070284207;0.30813852005268955
0.8551583274025965;0.3073349478822107
0.8739304882855911;0.30117928989276155
0.8922052354998959;0.29537186012422373
0.8964038476079745;0.28564621957328573
0.9435039334039994;0.2900299577362999
0.9387323281143539;0.2790342385463357
1.0054971360106442;0.28976233988325306
