Prey_train;Predator_train
0.8784309341721279;0.7027447473377024
0.9401621898378147;0.7812504490090018
1.1332937070894933;0.9740667337314706
0.6857924210793173;0.6069840616726774
0.8601799776332499;0.7804281858094025
0.6729408126574757;0.6229637358168689
0.6442849514094545;0.6057206601540813
0.7587683747136855;0.7210743512294954
0.6765496395510087;0.646894691462812
0.7960178164431861;0.7623255007870392
0.7267283033749932;0.6939713311832477
0.6543705575428801;0.6204004950856409
0.708589386630911;0.6642295014254137
0.6398107084199038;0.5906413474576447
0.6117292318355043;0.5540367404269314
0.6942951485992784;0.6147220332575515
0.7073662750385565;0.6102072171964532
0.6405157544511092;0.5366639039132267
0.6959820596766906;0.5647448637343787
0.6677738664206546;0.5233716363345072
0.7600120940451062;0.5739533999564282
0.6975210470145837;0.5064567791262418
0.5857123868964127;0.4080910076118946
0.4960764873071945;0.33111006002681065
0.6514376750283133;0.415925871880765
0.7967954172210758;0.48605066232707367
0.5809059710102367;0.33822672678846755
0.7197079452419457;0.3996723189327576
0.5653161789667277;0.29927119304307304
0.6881323849099067;0.3471778808719921
0.750061413266793;0.3606318562009467
0.8580633284166234;0.3932360821441123
0.8200720555984817;0.3583688541682682
0.673665377699374;0.28089315066540543
0.7427983544593809;0.2957719749198354
0.7973208312146004;0.303510661349192
0.6947421757805384;0.25315061115976023
0.8492044227668596;0.296643551535898
0.8433626906625996;0.28291070345962693
0.8989730822590631;0.2901549438867341
0.8958954198029644;0.2788140159347858
0.8228160096232687;0.2474845383598707
1.1249450835565526;0.32784270173560875
0.9015293939818254;0.2552634666857939
0.9605347101096621;0.26501159345117614
1.1765216879406344;0.31728056580248104
1.1645597737134967;0.3079803245968141
1.1928679680253111;0.3104351519043095
0.937947143102731;0.2410701940411486
1.1161172767720942;0.28437784167350016
1.122594052711074;0.2846575994383356
1.2046080044010097;0.3052150752541689
1.4425591553916288;0.3667290737246088
1.1975556543485484;0.30675156864797515
1.39085799615697;0.3605022565739358
1.3874804542521626;0.36547416299808494
1.4716031384133244;0.39563890458187845
1.2408486402945824;0.3419550568810717
1.4987269328484683;0.42516015155392417
1.2970351783582776;0.3803272350095084
1.428359166174755;0.43466504810540496
1.4541477587671376;0.46099351397387583
1.316561247893839;0.4363705306203014
1.6460833004370305;0.5723146920378476
1.2325246004689367;0.45086804859566926
1.4105807856158428;0.5443349399160005
1.441880045656196;0.5882719490321688
1.403323139359715;0.6064003045055909
1.477803331818467;0.6772260896756638
1.2691487422672478;0.6172854676681019
1.4749712498641756;0.7615960387106955
1.345300610344343;0.7372322016959215
1.2802906822527669;0.7440089025300446
1.024095642610236;0.6302365145428883
1.0979302713354608;0.7141939986092093
0.9596398268691088;0.6582649954970041
0.9969879683357787;0.7191329603235773
1.277866964384589;0.9661147199284614
0.715559641328594;0.5650039328509658
0.9377194437222698;0.7702715146281873
0.8046478040865509;0.6847493901958656
0.8554243963802975;0.7508655180841678
0.8774678611703722;0.7908595138642479
0.8978563353944858;0.8270859701245995
0.8887941693120006;0.8328846042724113
0.7929985149371318;0.7524115744994038
0.7856650638643389;0.7512643485922357
0.698125964080243;0.6696736939635606
0.6189817662867321;0.5929614429328325
0.7108438398421485;0.6770838586086176
0.6302608859383055;0.5943945614945823
0.6657238340633418;0.6191221782959218
0.6614198520332532;0.6042425723645806
0.7223750398355505;0.645894113904156
0.6226056575924902;0.5429781361924986
0.6174535311444626;0.5235375035774743
0.5545291617504801;0.45577027581110974
0.693105148397527;0.5506873409977353
0.6717862301952895;0.5146732190153699
0.7311861396616292;0.5389367908157127
0.6702655889743825;0.4743362351376312
0.636360383996927;0.4316157942292174
0.6783939577442099;0.4403127627825974
0.6464371557533766;0.4009825853116385
0.6835827883287107;0.4048077727140138
0.723735780612963;0.40882549250788736
0.7172081951182717;0.38623109236084713
0.6706931525086515;0.34420331914651925
0.6376128095951603;0.3118048381429996
0.7238271658678206;0.3373184734693007
0.8555247878859991;0.3800672680811537
0.7870852644723447;0.3335131140076034
0.8299910332439241;0.3357105077721415
0.7949444824566699;0.30722845312600494
0.7720554682811581;0.2854523025562062
0.7023834423553911;0.2487944434745672
0.6515421589824761;0.22146437461475924
0.9637093162346606;0.3149252353525894
1.0402526829643297;0.32748828238917016
0.9939671030205631;0.30214049096254103
0.8054306770406101;0.23698293790232655
0.8891866311951107;0.25391689104430415
0.8914355688461935;0.24776495777563065
1.0554360210868523;0.2863887493759354
1.1333975397960387;0.30121863981678576
1.1145583414641316;0.29110831134028176
1.1789380261726234;0.3036987960968627
1.2992628521395064;0.33133272729816504
1.0568257504535645;0.2678319523370317
1.2035355763932438;0.30432768541721456
1.2838359091115221;0.32523379589838736
1.1316098524812503;0.2884075498339271
1.4906093670804956;0.3838383232067266
1.3337870559193061;0.3485109869943522
1.4906372623877424;0.39694148307600546
1.4586152536095536;0.39755176973339607
1.288238418269419;0.36091225756157125
1.4951750943682767;0.43238235778996376
1.5120226941535142;0.4531787341564437
1.1687366604244607;0.3644652560516436
1.4434420113988493;0.47007671819761915
1.4187188101916977;0.48415673871550374
1.5030221655720195;0.5391801807724269
1.4668965139359833;0.554694326843164
1.3343488019294685;0.5331446369043584
1.6042673600899935;0.6786104015522944
1.5724332857891674;0.705221899329973
1.0401086184475474;0.49506880875934456
1.3425189045785384;0.6784782208300906
1.1609310225573741;0.6228901009549024
1.2677548691223413;0.7216956429711633
1.4430396036551085;0.8705638095348964
1.3302461062360604;0.8490232573753842
1.3092155892220956;0.8820800690628762
1.1629738425420542;0.8249289846655395
1.066266886187115;0.7938102028867774
0.9037245972914227;0.7036862601459759
1.1696631399686344;0.9489416323880737
0.9232377733811645;0.7772304645907945
0.8401010514009484;0.7307163251313461
0.8909329837513811;0.7970612242360071
0.7762141426076987;0.7109732679568901
0.8060940234770606;0.7523969566265296
0.7763337744777312;0.7349415254699517
0.607636356636589;0.5806997188831209
0.6469064904768185;0.621208417120513
0.6445532894922938;0.6191068429141972
0.7003669593919428;0.6699122544914367
0.8532678350780913;0.8092830453246134
0.6988118950893232;0.6544971113900387
0.7327743378857676;0.6750562124434527
0.552860425267904;0.49909608275920403
0.6003839869175125;0.5292558281180632
0.48385847394051956;0.4151338105103173
0.6873898935610366;0.5722305511431373
0.7118357793652724;0.5733407378880498
0.6942564660598319;0.5396207362072746
0.5543987817647675;0.414860447107004
0.5896087000525074;0.42387262985207597
0.5682021501228669;0.3916987744797605
0.7801393009068369;0.514861907832856
0.6804153795820411;0.42929742386028946
0.690185740595696;0.4158304168192587
0.7715852753128992;0.44351098141524276
0.5838664427778227;0.3199711797084406
0.7285110075599078;0.3804686171076171
0.7213830881993032;0.35895774346198994
0.6522002624143884;0.30921609974018266
0.5710640514162082;0.25803445152478094
0.7895526938188326;0.3401665761578793
0.8089129446698898;0.3325315254444757
0.7728447092317884;0.3034189505428848
0.9550244214829104;0.358491083070987
0.7625622255410188;0.27405687851444765
0.930742838054363;0.320758310638524
0.8093844149046714;0.26795334825848727
0.904234417170806;0.2881414928797281
0.9546237372930862;0.2934481483106119
1.0952881564494055;0.3255698004324503
0.9685386318619644;0.2791117052298362
