Prey_train;Predator_train
0.9706053376224772;0.7764842700979818
0.9736940864768604;0.8091145873337913
0.8637387794886588;0.7423840849645577
0.9651928781703879;0.8542770020225183
0.7849225206692223;0.7121482419206052
0.7843465893699754;0.7260957758819199
0.7726386102965113;0.7263915881715363
0.7873644761474701;0.7482498582435295
0.7948446798212491;0.7600045493410653
0.7033713499722257;0.6736003962859827
0.7508698880385156;0.7170247440859965
0.7050342653355094;0.668434119207493
0.7044067585087329;0.660308718748366
0.692487344370764;0.6392697915085258
0.6972094431414962;0.6314552700284596
0.6219613646484585;0.5506784189054021
0.595962341296215;0.5141049759778611
0.6238748986479666;0.522721160775824
0.6051716644605662;0.491058044427831
0.6269839294995343;0.49140228696955324
0.6644454255249292;0.5017824243240205
0.6543182624986081;0.4750880581551761
0.5950645040463443;0.41460702980367903
0.7277146219070398;0.4857187113422242
0.6135689942952528;0.39174771231977873
0.6396217824229583;0.39017366850548074
0.718307952012006;0.41822766430277786
0.6906878614907074;0.38355672059157053
0.7244207976960952;0.38349915402736945
0.6748664178497642;0.3404849095300592
0.7474931284967269;0.35939701690979103
0.733525837918392;0.33616263171015326
0.6920081299989332;0.3024053300314685
0.7340288896647734;0.30606246709828366
0.8249325977307737;0.3284766883795291
0.8028362984999028;0.30561019651480636
0.8064313210177889;0.29384797539413293
0.8366958483576121;0.2922740642393994
0.8248876506905161;0.2767131485845822
0.8536269549484974;0.2755189071855971
0.8840171185893434;0.27511733796250515
1.0437539219509375;0.31393769021777107
1.0248033033890476;0.2986583866551492
1.0956796406858085;0.3102361224443259
0.91716058830342;0.2530446702224411
1.010979836638621;0.2726377744426134
0.9960542794918419;0.26341723906171366
1.2064352509351532;0.3139659379124356
1.1920394064181434;0.3063767218900128
1.011723679776738;0.25777918003112277
1.2052377273027464;0.30561366094713743
1.3324356735347318;0.3376031479812916
1.2803027955653226;0.3254800723768104
1.3779914151810957;0.352969840403941
1.4516109345070278;0.37624906281095527
1.3524183547415454;0.35623850751023506
1.343754329080845;0.3612668911252227
1.5581938079529292;0.42940954676291626
1.5316133242432568;0.4344893914861751
1.385902819857644;0.40638572974983694
1.4679544692540976;0.44671432445360937
1.6208449032972725;0.5138397959029627
1.5369432397156522;0.5094155232967059
1.4400086627842459;0.5006661049014908
1.3939531240217748;0.5099199842521718
1.5741698118462533;0.607462995871456
1.4122907537059055;0.576199827985402
1.5196635272805123;0.6566730069807023
1.5109334028753296;0.6924084539249766
1.326392305512672;0.6451274522457453
1.354024180826821;0.6991454596360182
1.3037494532563414;0.714461936977793
1.2987363589832048;0.7547281461290757
1.0485124635888192;0.6452628182487979
1.136558645860293;0.7393214169725879
1.1601830206568025;0.7958276110319434
1.0811078640556402;0.7798091084340837
1.034174930150775;0.7818745228153122
1.01321649760059;0.8000329712711236
0.93400537445605;0.7672206642077578
1.0517737123392135;0.8950517288317246
0.9019316033674489;0.7916881298974628
0.9105623334137891;0.8206874761044975
0.8875008224768811;0.8175466940623196
0.8047355422455986;0.7541136820980717
0.7914055865140819;0.750900174717089
0.8012579882314497;0.7661745294136757
0.7574231086773403;0.7265541709934412
0.7643989007163503;0.7322656333871295
0.7020516464501397;0.6687092313081736
0.6523354985631172;0.6152129717498112
0.6398887566629964;0.5950955946314653
0.651702887807865;0.5953656034603755
0.6420190216176223;0.5740457300015914
0.5692743592458605;0.49646759035365456
0.688263737173088;0.5835773229681251
0.6757685836037443;0.555417559576694
0.6354524702676745;0.5048810155157646
0.6550020347485701;0.5018144024590452
0.6748886609254371;0.49744149861126796
0.6181396013081667;0.4374475075210798
0.6987350488621598;0.47392183840263774
0.664764817250264;0.4314667457496683
0.6749105626497649;0.4186445346725752
0.6664294673457698;0.39464982581963737
0.6998196269753235;0.3953156819503367
0.6931988161363457;0.37330155706800844
0.7318612750153611;0.37559512732887396
0.6496168701272576;0.31767505294255144
0.772581155611569;0.36003884398231123
0.7083918982183979;0.31470341631125903
0.8441660841811471;0.3577000767046521
0.8555688367010448;0.34605608626920764
0.8430184430433529;0.32580797518400245
0.8062100341370622;0.2980802805537986
0.838545516206201;0.2970250328410438
0.860491818420115;0.29248802982318334
0.9271292922275515;0.30297145170063483
0.8829348682308023;0.27796210304831165
0.9609870658103886;0.2921154060232472
0.9308164489433293;0.2738753601103264
1.1030700465346879;0.3149936211296065
0.9227235921389968;0.25646112835816426
1.0132232164040638;0.2749344574063423
1.0602010278265213;0.2817654885608206
1.1734920540386051;0.30650103948229324
1.1735600073675803;0.30231339856092915
1.2040866678614957;0.3070612839495484
1.2838842965728554;0.3253755291053285
1.3574621075946203;0.34324976290593984
1.2804086569657909;0.32436557105988095
1.3985842152599937;0.3564499247466774
1.2456822622284855;0.32076854026392504
1.2755724785943818;0.33329984837148957
1.3164501706128222;0.3505572390439735
1.3903128407328156;0.3789356576030639
1.450354869755143;0.4063307248761728
1.4200997727902342;0.41067169348180205
1.439372177897698;0.4314041476241597
1.5452485168130219;0.48187878023706554
1.371054622202317;0.4465027705892748
1.4208256788110702;0.48487573576575055
1.3877849676497678;0.49784106107702253
1.3795258202993335;0.5216558489190718
1.2984617195393746;0.5188058032480033
1.4940479227088383;0.6319872148436289
1.3975589291100667;0.6267923550841906
1.3953139353553115;0.6641387212546234
1.5024046845419046;0.7592808219373213
1.2206755754626424;0.6549456579755857
1.2301739532767133;0.7003019304442044
1.3043119041521603;0.7868715018107049
1.2215108167437434;0.7796234754525947
1.1459741172540359;0.7720966178628578
1.1446102609643412;0.8119031966799618
0.9509993347264752;0.7079962668107626
0.9397491509261203;0.7317368227804395
0.9782045019079694;0.7936122334117525
0.9171241536085789;0.7720836956075713
0.7936552448551631;0.6903179599343242
0.920559576244432;0.8235662571768934
0.795601315847554;0.728730947388599
0.7722432925083471;0.720801154873053
0.7906987759137326;0.7485406195913628
0.7103956159777517;0.6789036402915617
0.6871449897843948;0.6598484598935265
0.6859780473587686;0.6588961845858525
0.7096467420175151;0.6787885157378051
0.7428251738968582;0.7045335522579694
0.710606641552398;0.665543900295476
0.6719905662225473;0.6190601703394267
0.7388970647277063;0.6670411078694397
0.6922352931823279;0.6102254079539585
0.6898168428079198;0.5918389569100553
0.659490613720332;0.5490052747326317
0.7015698721159258;0.5650721694793658
0.6061100608146655;0.4711076860337926
0.6093246935353508;0.45596188719741965
0.5765882610864747;0.414512171456755
0.6323754033489762;0.43593758040052455
0.6584585120254924;0.43455727116446513
0.6389141177890759;0.4031128529212618
0.6603357988679114;0.3978461076969316
0.6541558772701478;0.37601199039079447
0.6684476646076833;0.36632348110347085
0.7096596340403533;0.3706233904203947
0.7364373614997607;0.36644869807652247
0.797639404413325;0.3781705709818637
0.788227250749741;0.35615932366903436
0.7608261994203814;0.32779020999379677
0.7967331026054649;0.32752458188145867
0.764327353803058;0.30007503550443554
0.7623876067949062;0.2861802826522739
0.7640905511483735;0.2746061427335193
0.8234373626323768;0.28377803895513387
0.73882197879391;0.24459307510647577
0.7956090419320803;0.25352715262508735
0.8943334259548482;0.27491510798056146
0.8992047786642614;0.2672848406273737
0.9617608527418938;0.27715849714330143
