Prey_train;Predator_train
1.051002394229481;0.8408019153835848
0.9329478199937595;0.7752554943714861
1.0165824650300483;0.8737533395677023
0.7160060183983289;0.6337256403993331
0.9982670633308878;0.9057124944156452
0.8264862925583082;0.7651059034156465
0.7618913608695215;0.7162876256259022
0.860307700244553;0.8175694157596675
0.6585384389200103;0.6296729690733109
0.7738897940192355;0.7411340708625949
0.6105918884425082;0.5830697162395964
0.7431268037467704;0.7045491757561161
0.6549012535578446;0.6139024113836892
0.6238576407063834;0.5759142707044798
0.8277672630180308;0.7497001162729372
0.6284288298945298;0.5564046484406485
0.6754074728407877;0.582638060392972
0.48100285211820915;0.403014081413759
0.6311515743935271;0.5121390773236173
0.649465553902784;0.5090223903354651
0.6288457537137018;0.4748979144149264
0.6725666495613125;0.4883378652765274
0.6761113390569955;0.47107584505019884
0.6654387268120054;0.44415218704458864
0.7167395395279267;0.4576193998552728
0.5414529118004957;0.33028998499690715
0.7363507901914628;0.4287329274674839
0.7418274956349638;0.41195587375214415
0.6276012151230289;0.33224409877751915
0.5286690279586448;0.2667251198086955
0.6054936668294626;0.291123234876978
0.748045157260117;0.3428165930953518
0.7042591001045412;0.3077589646166543
0.6956466674848177;0.29005852259621284
0.9023460780705009;0.35930165968976246
0.654309652250433;0.24907157508874606
0.9708574545331404;0.35376167811886333
0.7156675312696301;0.24999652910785147
0.892345519951237;0.29934226587627083
0.9072145823592234;0.2928149923868464
0.7826221916804333;0.2435619508693277
0.8779336004333806;0.264062669263515
1.0726555250584007;0.3126039577460809
0.8499717201233091;0.24066517332871043
1.0786937198496835;0.29761167247199694
0.9868539977963523;0.2661315962082512
1.1810540012591988;0.3123424000077658
1.060348468915811;0.2759479228571231
1.3114231495057116;0.3370606067156277
1.2811128482948073;0.3264174064144157
1.34846413802842;0.3419317637866084
1.1802107407508329;0.2990334687616176
1.564092630523493;0.3976254557516886
1.3024282160165284;0.3336144728336551
1.5334017113901717;0.3974487537317967
1.5098155435318492;0.39769826692889515
1.199153424437988;0.32239109504875346
1.2509317045640462;0.34473376389160715
1.2858106511494882;0.36475987675310495
1.6063997771431748;0.47104164617498945
1.3480084923937283;0.41021347436162103
1.6011218773846303;0.5075872077688826
1.6949993138231203;0.5618027654674546
1.4721212144588014;0.5118310836831194
1.5188216504002563;0.5555979600084875
1.379754400600412;0.5324392168164715
1.3963522127885533;0.56969707031258
1.2819727158120033;0.5539626786108238
1.5419385414642346;0.7066170352120267
1.5690402125794265;0.7631459490570887
1.3018580974472769;0.6722096922706738
1.5655301983176013;0.8579192383118889
1.16672757578358;0.6780145440743754
1.1631399986031092;0.7158055050176978
0.972354023766132;0.6325077524755726
0.9930128591444095;0.6811572289426452
1.0532747901088453;0.7597329575697209
1.187147245496528;0.8975272548414857
1.209998471949479;0.955411479224514
1.0680251165963797;0.8773085913160342
0.8108382303790094;0.6900173976486733
0.9866129656692108;0.8660188542090917
0.8575409632341542;0.7728994522915767
0.9510657518444002;0.8761013416148562
0.8887142912677779;0.8328097509536683
0.7525226785730206;0.71400735659199
0.8083698235338944;0.7729749696540845
0.7626949281161606;0.7316111363251272
0.634934096035211;0.6082431797803386
0.49175427495347684;0.4683994758211884
0.5971730928332577;0.5631896990125663
0.5934336266601131;0.5518923926297344
0.6228787886079022;0.5690332401466089
0.6892196897579522;0.6162490621254739
0.5059435528779118;0.44123641346681686
0.6818746904319976;0.578160064158591
0.518535294447061;0.4261867372707697
0.6032248159376318;0.47927543271113865
0.6358389643226269;0.4871330667914901
0.5946790304990115;0.43832123022853203
0.45149667577232533;0.3195169748915542
0.6073705842052313;0.4119532637255914
0.6272286154407912;0.40710380953182257
0.7119173859813872;0.441599730798935
0.5813020701632161;0.3442386208584029
0.5613902621624522;0.3171193915869603
0.6051509754233539;0.3258860172985768
0.654716639942897;0.33600408730264286
0.8143446046318;0.39823006034189107
0.7502411281573177;0.3496279277947493
0.7098510657020223;0.31535165211579297
0.8264118211208081;0.3501770295489753
0.8199739633835555;0.3316588548331091
0.7391354211649268;0.2856594857962503
0.7925560687546535;0.2930319957898703
0.9500333245179792;0.3365156380439687
0.9606853538326261;0.3265446113577181
0.9767714594815057;0.3191937408727958
0.9271324734117811;0.2918762203041186
0.8734664833593189;0.26551139501449783
0.8681134108196756;0.255426161919188
0.8384581626446009;0.23943082639837965
1.1720566798799152;0.32576058657493073
1.1139799324523252;0.30227442811396826
1.0416235995087348;0.27682823795572004
1.1019177526633313;0.28780675203804373
1.1605646812739927;0.2989657544932241
1.2438424798039782;0.3171996493889702
1.1891282987953145;0.301361462576849
1.5376311031276086;0.3888075465477119
1.3145994927631763;0.3330271260393002
1.1069852774251236;0.2821316117603349
1.4440634441840938;0.3718525478646214
1.5199976996949143;0.39716677126147526
1.492643822111204;0.397475809442727
1.2028199408160027;0.3278336730393347
1.5717616455529102;0.44034398897002464
1.2348443848271884;0.3570985957606955
1.3691229309677218;0.41034926205778083
1.368753821874374;0.42683970568693624
1.4535711954563968;0.4733754261208956
1.5480548706839967;0.5282943964362762
1.5535998401662436;0.5573239449532993
1.5808109564094563;0.5977700955734283
1.6369295252623361;0.6540420286824994
1.3897459727799113;0.5878671449071652
1.2262111391327144;0.5499444436427994
1.2074975449774579;0.5747422534235733
1.3825158976738505;0.698691782532136
1.1507399241172793;0.6174221323910093
1.3071765145355472;0.744137228822189
1.1292039521795718;0.6812315419904859
0.9256142223816082;0.5907688798902292
1.193529874792602;0.804137166600045
1.2028205166861778;0.8531933146457918
1.0248112317942917;0.7629474593741778
1.076105029560146;0.8379104940210759
0.972622911309666;0.7890839179398141
1.0942116035221803;0.9211652918527922
1.127787323779307;0.9809446225397267
0.7015803033266433;0.6276593926456892
0.8026129623585072;0.7351532643241079
0.8062656560034852;0.7525571560409638
0.767813527741395;0.7268755577900116
0.8347600935776652;0.7977550164354481
0.7322350480847385;0.7031473356305475
0.7474252774849278;0.7179175273815648
0.7071140943404551;0.6763659975244319
0.6877283163894738;0.6522768623906998
0.6569573380550421;0.6152967387719608
0.5555611150746463;0.5118014683827755
0.643992346319778;0.5813656443565475
0.617101058088326;0.5439924092711396
0.5977132535522568;0.5128172676586633
0.7160956222199433;0.5961271709295509
0.5870741080653971;0.47285274507178626
0.5664119531988258;0.4402517659164438
0.6616882751923115;0.4951459179219825
0.6466170557009356;0.4648562205455134
0.7976580781497892;0.5498777003881307
0.6851598663415035;0.45217913716824465
0.7321104697871561;0.4619136311319614
0.5450206980350556;0.3283698440994041
0.599743289303433;0.3447353693061393
0.7592182882006545;0.4160677057856313
0.6980155659992207;0.36454221605357856
0.6861351662897798;0.3414184987564482
0.7797947244301773;0.36971019053817294
0.9038506868887984;0.4084036031917314
0.7745473804281167;0.33370176877990965
0.7509238799570701;0.3086931232095829
0.7627602094758984;0.2994597744029283
0.8532429306707394;0.32028498482150064
0.7538345470359652;0.2709202422536157
0.8869691718614958;0.30567276107057917
0.7684343318121702;0.2543964874219819
0.7787569177999446;0.24815708916209617
1.1168514552377011;0.34331640695091403
1.0479267979529256;0.31149183570406885
0.9036246078978155;0.26040489960956614
