Prey_train;Predator_train
1.0;0.8
0.9608473581423155;0.7984392885522148
0.923607015269308;0.7938408754826024
0.8885227832885306;0.7864175096020898
0.8557658606306701;0.7764233247177129
0.825443431499211;0.7641404921802252
0.7976083957053945;0.7498667832210052
0.7722693417218888;0.7339046184768414
0.7494001030747071;0.7165519277823247
0.728948460497587;0.698094927924802
0.7108437448532334;0.6788027624466099
0.695003247277277;0.6589238371542963
0.6813374516653755;0.6386836217995534
0.6697541748855298;0.6182836628300893
0.6601617392459175;0.5979015537134478
0.6524713177483215;0.577691628549713
0.6465985928091805;0.5577861737043179
0.6424648594348532;0.5382969851956835
0.6399976888336898;0.5193171325976413
0.6391312513236087;0.5009228208206681
0.6398063802245433;0.4831752680265871
0.6419704424368657;0.46612254062066405
0.6455770672229814;0.44980130478400143
0.6505857725509753;0.43423846869111277
0.656961518198968;0.419452700885224
0.664674206489383;0.40545581878798664
0.6736981447909519;0.392254047517944
0.6840114785412698;0.3798491535525714
0.6955955992618079;0.36823946069805435
0.7084345286423047;0.3574207576682867
0.7225142770751256;0.3473871075948913
0.7378221728680994;0.3381315702106708
0.7543461566340843;0.32964684743696837
0.7720740339550217;0.32192586278547713
0.7909926782837101;0.3149622844457936
0.8110871751415231;0.30875100123000987
0.832339897984871;0.3032885597175588
0.8547295056653694;0.2985735699974177
0.8782298512463345;0.2946070863297705
0.9028087921431069;0.29139296781440693
0.9284268922478391;0.28893822270729297
0.9550360080479066;0.28725333829735183
0.9825777529723079;0.2863525961474643
1.0109818375866026;0.2862543698979304
1.0401642881594522;0.2869813995838566
1.0700255529749894;0.28856103236419717
1.1004485150743593;0.29102541451690483
1.1312964424530816;0.2944116133347923
1.1624109227338857;0.2987616399918139
1.1936098495776126;0.30412233542768097
1.224685553078114;0.31054507082423566
1.2554031963425933;0.3180852025274054
1.2854995951395762;0.3268012088356346
1.3146826558730185;0.3367534239422994
1.34263166701134;0.3480022741664472
1.368998716633533;0.36060591597794256
1.3934115380275274;0.3746171777884066
1.4154780979194415;0.3900797226751549
1.4347932270679675;0.40702338264474086
1.4509475378261407;0.4254586725271054
1.4635387645914433;0.4453705780590999
1.4721854898343185;0.46671183040949404
1.4765429759644695;0.4893960253926973
1.4763205185028476;0.5132911090658588
1.4712993923851447;0.5382139112617272
1.461350124286513;0.5639265331070341
1.4464475523075655;0.5901354438825992
1.4266820043718125;0.61649407582522
1.4022650085541548;0.642609492065211
1.3735282874384775;0.6680533360906029
1.3409153828196538;0.6923767794767022
1.3049660444359394;0.7151286356970253
1.2662943767608204;0.7358752997218017
1.2255625155499894;0.7542208129954987
1.1834521481495992;0.7698252283558491
1.1406363911608723;0.782419599383345
1.0977543646556587;0.7918163217964497
1.0553903059519216;0.7979141321185959
1.0140583652086772;0.8006977076285653
0.9741934657965876;0.8002323951621819
0.9361479295742084;0.7966550342317347
0.9001930551207465;0.7901620851230814
0.8665245366827641;0.7809963238064549
0.83527051529952;0.7694332570025773
0.8065011199831624;0.7557681962319811
0.7802385297071354;0.7403046658524791
0.7564668108881055;0.7233445548899045
0.7351410154090483;0.7051801891105635
0.7161952311390158;0.6860883160184734
0.6995494446640296;0.6663258661505983
0.6851152000133148;0.6461272751821215
0.6728001203632363;0.6257031140594735
0.6625114087570436;0.6052397680801876
0.6541584668467728;0.5848999203974213
0.6476547752792594;0.5648236222862513
0.6429191721701932;0.5451297651115522
0.639876652224947;0.5259178026797455
0.6384587921295035;0.5072696046008429
0.6386038902889871;0.48925134978611495
0.6402568923264312;0.4719153935381359
0.6433691587734346;0.4553020617442432
0.647898118421711;0.43944134172178884
0.6538068398977545;0.42435445173891906
0.6610635450366779;0.41005528067946195
0.6696410803437507;0.3965516962685856
0.6795163569896614;0.3838467252208809
0.6906697651367257;0.3719396120472067
0.703084564707828;0.36082676542608416
0.716746251787341;0.3505026023082109
0.7316418975162847;0.3409603005166066
0.7477594544781174;0.33219247071450386
0.7650870240634497;0.32419175837737585
0.783612077077718;0.31695138592519123
0.8033206188688496;0.3104656445146836
0.8241962894827503;0.3047303442004184
0.8462193888105771;0.29974323026537103
0.8693658164100988;0.29550437249278677
0.893605915733064;0.2920165329772288
0.918903212977743;0.28928551670968367
0.945213041860863;0.287320507554192
0.9724810474674979;0.2861343902742353
1.0006415652530134;0.2857440568548085
1.0296158755687383;0.286170692364893
1.0593103401696746;0.28744003185506684
1.0896144355244848;0.2895825751064218
1.1203987089451224;0.2926337402494266
1.1515126981995;0.29663393017253664
1.1827828739896118;0.3016284770977665
1.2140106880259232;0.3076674206627337
1.2449708377673046;0.31480506343242415
1.2754098921956716;0.32309923536273244
1.305045460563472;0.33261018616770677
1.3335661261703913;0.3433990132217456
1.3606324067036755;0.35552552477723814
1.3858790363748188;0.36904543710478593
1.4089188854934602;0.3840068139645708
1.429348830159914;0.400445682895414
1.4467578460757755;0.4183808110458623
1.4607375125353967;0.43780769920005824
1.4708949630214365;0.4586919598534575
1.4768680997618222;0.4809623830153021
1.478342603018224;0.5045041541986602
1.4750699287320304;0.5291528555222745
1.4668851368723004;0.5546900247041779
1.4537230842960749;0.5808411300072367
1.4356313225012916;0.6072767996657377
1.4127780374051735;0.6336179854972463
1.3854536131383912;0.6594454249129392
1.3540649127886655;0.6843133082030731
1.3191221061148708;0.7077665131557184
1.2812187353677162;0.7293602269088771
1.2410065467281846;0.7486803440743601
1.199167265372809;0.7653628099431415
1.1563838267161464;0.7791101283319156
1.1133135332500173;0.7897035762995941
1.0705652091645945;0.797010201572873
1.0286817726365958;0.8009843171653256
0.988128880911987;0.8016638305688305
0.9492895713147148;0.7991622481411618
0.912464234752352;0.7936575145575064
0.8778748780531546;0.7853789654086293
0.8456724656005568;0.7745936121046207
0.8159461470167154;0.7615927917917258
0.7887333221940921;0.7466799591352014
0.7640297097669405;0.7301601242819692
0.7417988203419617;0.7123311912774922
0.7219804558782628;0.6934772469109991
0.7044980409351764;0.6738637003913379
0.689264732061101;0.6537340779360451
0.6761883491382671;0.6333082255419045
0.6651752328651512;0.6127816574536487
0.6561331637107487;0.5923257965475676
0.6489734877083095;0.572088876699037
0.6436125904848823;0.5521973088627781
0.6399728486156248;0.5327573467552659
0.6379831709223328;0.5138569211889394
0.6375792245582617;0.49556754220700566
0.638703423434894;0.4779461942025021
0.6413047407666795;0.46103717089175994
0.6453383937091008;0.4448738145146612
0.6507654363628549;0.4294801373652014
0.6575522877201844;0.41487231424003757
0.6656702132334659;0.40106004217665675
0.6750947723390608;0.3880477694535797
0.6858052392122623;0.3758357997027054
0.6977840000197532;0.36442127953091397
0.7110159267603763;0.3537990795882463
0.7254877252623779;0.3439625798133696
0.741187252888314;0.3349043698371503
0.7581027998725284;0.3266168753868026
0.7762223268955963;0.3190929211201941
0.7955326504286432;0.3123262397119742
0.8160185665285221;0.30631193626086645
0.8376619031297595;0.3010469162163671
0.8604404904868267;0.2965302840368644
0.8843270393273531;0.29276371867277423
0.909287916575655;0.2897518306805563
0.9352818093298513;0.2875025042585764
0.9622582693072589;0.28602722567402356
0.9901561324513586;0.28534139731833175
