Prey_train;Predator_train
0.9403643695056534;0.7522914956045228
0.8821259847893652;0.7330238645505252
0.964928284282231;0.8293565350942894
0.8629910048602067;0.7638197349755335
0.8304881825146873;0.753489272558292
0.8992519867585482;0.8324675314305645
0.7573480679741162;0.7120162758669827
0.8299050413737962;0.7886770972979827
0.7161073244865543;0.684718459144287
0.7447331801426579;0.7132115422261988
0.71941838728664;0.6869909064837921
0.6944102164495719;0.6583615920855529
0.7072742373107758;0.662996684516644
0.6608152047743303;0.6100316512868604
0.6862235519721327;0.6215054637785665
0.758056465607692;0.6711756704659738
0.7083610388015181;0.6110653469221482
0.6428024221697284;0.5385798162327888
0.675774546124363;0.548347760779137
0.5927490943539334;0.4645705365959794
0.673371280442023;0.5085231391328032
0.6112638622368912;0.44382707617178185
0.587639592116117;0.4094337743649617
0.6151457779508703;0.4105837722085439
0.6361343586399804;0.4061551056885765
0.688517139059108;0.42000017097283265
0.6477213810691674;0.3771293350779995
0.7087225165541556;0.39357182805010726
0.8083895189031559;0.4279511267621128
0.6436989935432716;0.32476026037787176
0.7046310651348666;0.33878880377232606
0.7054116818055963;0.3232783838505176
0.7098442027653953;0.3101996365397108
0.8059331469835914;0.33604384071958326
0.8685383189192719;0.3458398801479233
0.8210269009400227;0.31253468858976013
0.8053012309712658;0.2934361924393678
0.8639132252073265;0.3017816210958323
0.9554949865358666;0.32052610553666816
0.9027215179268887;0.2913647989561738
1.1369526415503963;0.35383408030822044
0.8057259086082607;0.2423442205843824
0.9245719679848831;0.2694479724955701
0.9684590735067284;0.2742142653327878
0.9779421138708908;0.26981429736188084
0.9949381335262187;0.26831169980063435
1.1071177441983868;0.2927891637007521
1.0784382609940197;0.28065565875266607
1.0546643661707058;0.27106873267933174
1.304155138829177;0.3322883995311326
1.2620744769442687;0.32002582772618005
1.390314378462052;0.35226804578660714
1.1017659027914122;0.2800922149236645
1.2489867507993409;0.31992554470184636
1.4862973036735536;0.3852395667958624
1.2689149653808622;0.3342430039047101
1.3622994716896097;0.36625273256271607
1.3429286194407088;0.3700864211279191
1.4994995173553305;0.4253793189945208
1.194184708023133;0.35016858113899024
1.3921235150203366;0.42363814995180776
1.2404915082834673;0.39326026946751597
1.441621887821441;0.4778215287354477
1.4177843850232963;0.492939107926827
1.364882635747442;0.49928575081376014
1.3819056766734776;0.5332693817697419
1.6565529662439213;0.6758562510543921
1.5136326776701494;0.6540669721070663
1.2062680738696465;0.5527908844014471
1.4543283876220572;0.7073526916100742
1.3635257827165013;0.7040515772035659
1.2800279071322092;0.7014623980329256
1.3962399079634937;0.8113898944923172
1.242308128879916;0.764526195168629
1.090358572335718;0.709268674910543
1.2065361290706216;0.8276235284657212
0.9679930986739458;0.6982187997556057
1.07394325026216;0.8119408446760854
1.0035504352247802;0.7924006748948562
1.1414045025955866;0.9375846698110389
0.9440164763757888;0.8033511099517526
0.8780803061364649;0.770752186606502
0.9733459518566366;0.8772741890287992
0.700234756176484;0.6450412162795844
0.8201351062111275;0.7685445370499281
0.7843975500226983;0.7442508208137603
0.7617347277988001;0.7283818135747763
0.6647955565564013;0.6377016741902974
0.6890091211737898;0.6600450367641962
0.6805289770928126;0.648208734294297
0.5704087908331106;0.5379484760428083
0.743999000820116;0.691917967284182
0.6327405492954742;0.578042488398811
0.6599039033354055;0.5900370630244185
0.6105802556812701;0.5324907109063735
0.6478575096954822;0.5493169707382181
0.6492732516791355;0.5336409145020397
0.7523891156622384;0.5977897617087646
0.7103041166730265;0.5441827917516294
0.632339589467382;0.4660797717131015
0.6190777661356922;0.4381114317617795
0.571534107191123;0.38764692744539936
0.7054400823098057;0.4578670963583838
0.6168953940261269;0.382657939386471
0.5673542910905117;0.33597894920322136
0.7439647059298973;0.4202524532539716
0.6886389243629321;0.3708459632910824
0.6337144675137197;0.32522565989158164
0.774429672896304;0.37871089660806123
0.7818364361587034;0.36435199669736085
0.6716303550413929;0.2983720843807651
0.8120629048049904;0.34409693635051974
0.7117614247600113;0.2878896033188627
0.7553939521473825;0.2919430482764935
0.8626900470481602;0.3189626528654289
0.8058477776974574;0.28544301771284036
0.9916278057565042;0.33706219747228483
0.9798193393246746;0.32018974066315437
0.9429654291517948;0.29686068952525557
0.9518156529974212;0.28932753189571403
0.928405986008178;0.27316612639926924
1.169930283389975;0.33408628725973316
0.9555188461469195;0.2655762175564011
0.992260744516335;0.26924636642990135
1.0271858246017076;0.27299116687803066
1.1688808956239292;0.30529666418000484
1.0727188137763093;0.27633633410906505
1.276580748546538;0.3255484295081203
1.3428419972843786;0.3403172128030362
1.4777382565727502;0.3736629577855655
1.241953387662737;0.3146237083195076
1.3710297619184872;0.34942726374932737
1.3051133930945795;0.3360723120781331
1.5184632967131937;0.39676584047178637
1.3380517586185985;0.35630952137057703
1.3898546805786787;0.3788107841111354
1.2813087552345757;0.3589708464884517
1.5231938715179736;0.44048497063578307
1.5893499787568512;0.47635502713656575
1.5837895731823821;0.49389763482921817
1.5307580289056937;0.49851237867553894
1.5495468741153802;0.5288035625305731
1.3963716365464836;0.5009213627478912
1.542979098337726;0.5834643031422928
1.540008697729821;0.6153169072385607
1.5332443042234363;0.648567413918131
1.4421058888659373;0.6467712577520035
1.3829897245835012;0.6582726681929673
1.3226099736270145;0.6684167043743058
1.2027343648470088;0.6453194163863074
1.200729641967509;0.683540148099917
1.2815506231426692;0.7731399677243731
1.1334456672431223;0.7234163121767496
1.2170264082350923;0.8199678854001509
1.1607597177982556;0.8233584457505524
0.8545747948490957;0.6362105023320046
0.9192735968215084;0.7157935075984972
0.9588324451352804;0.7778957843347277
0.9225232802271137;0.7766289664046488
0.9546521686765671;0.8303524002389121
0.8889672316282223;0.7953025905088863
0.8404564116451104;0.7698159679946017
0.8065544950679736;0.7528267544088297
0.7395521312819292;0.7001209909932702
0.6318914667462835;0.6038795952488837
0.6649904813216836;0.6385740294514083
0.748429318575632;0.7188819297358086
0.8038220658749178;0.7688687267996571
0.7579814168424874;0.7189085116112608
0.7745418144509922;0.7254246582968891
0.7324970030132404;0.6748007222891892
0.6201664727663195;0.5598567795231044
0.6885328046483346;0.6069615573552491
0.5609044865779593;0.4812366205951072
0.6508785660592041;0.5418360148616899
0.7403983534488919;0.5963461666341107
0.647260877867608;0.5030927452722989
0.5933116953269828;0.4439792497625021
0.6862760685822559;0.4933672823494616
0.6261764237746841;0.43166421976338115
0.6372723351639155;0.4205752099787815
0.6553553475102436;0.4134861892334541
0.7262610719718329;0.4375654646486798
0.7061439820316641;0.40589500669816003
0.5728414336957564;0.3139292411693775
0.8224628610425657;0.42953545535481386
0.7094568995172156;0.3530233129943861
0.7173669997856541;0.3401124448108513
0.794493153925493;0.3589905628010598
0.6816229263712471;0.29366670383069354
0.8028666830606783;0.3300460013724533
0.8880612765099454;0.34865299240291303
0.8341012060450727;0.3130996841752128
0.7747007710413615;0.2784193446557115
0.7488957841666201;0.2580890625768826
0.9514365155215796;0.3149808611269369
0.8401947550742505;0.26773474492851707
0.9595547473934365;0.2949639243454209
1.0131212050111904;0.3011460195083495
0.8971867199328123;0.25854964073926556
