Prey_train;Predator_train
1.1203675286298314;0.8962940229038652
1.0284856063100687;0.8546449223486081
1.1244141908028285;0.9664347832738263
0.936766989949276;0.82911769643855
0.9102893380517448;0.8258916449230128
0.855717081781273;0.7921658191061552
0.903070818704571;0.8490166521427654
0.822307576288564;0.7814570583639803
0.6935356721555086;0.66313618163367
0.7847299230198385;0.7515153796703614
0.8558287561266799;0.8172526354015842
0.8011949109403024;0.7596028178191493
0.7686235627263819;0.7205053525865192
0.6618806307807664;0.6110151994578686
0.5076484092612079;0.4597718325574916
0.8755818717927483;0.7752314985892881
0.6936163904724767;0.5983459239825766
0.5411013881173939;0.4533683696957563
0.604186490297115;0.4902586386946554
0.7013003334507814;0.5496481990938815
0.47560435832977394;0.35917157192141774
0.5250305076439998;0.3812146758617253
0.456099033743604;0.31778381064725075
0.4611207784023432;0.30777860374958993
0.6598827765521326;0.42131784773519115
0.773048023292301;0.47156458936761986
0.9885576499694906;0.5755778643648827
0.8291349176241624;0.4604399290375605
0.49469098338742384;0.2618831130158028
0.5368662685796656;0.2708608074906179
0.5379143626786103;0.2586308956289897
0.6602739115996517;0.3025924981767172
0.5909597344165065;0.25824750573639665
0.5355440755405575;0.22330175733910054
0.8981565053685137;0.3576334301026912
0.7996172601884324;0.3043848272423964
0.8249912203593327;0.30061084372884544
0.9329838605200346;0.3259093317114277
0.9566577746104524;0.32091616926108674
0.9320227810523212;0.3008221526030767
0.9748874923082249;0.303397350635891
0.8117854884347262;0.24416680582636652
0.7073514120210427;0.2061433943604754
0.8162252736231637;0.2311100384884509
1.0114028835038527;0.27904612603522627
1.1175569735032707;0.3013791522111895
1.0115890846380322;0.26752558492722095
0.8211621421340032;0.2137014331547785
1.1898288116534022;0.3058085571348863
0.933801376840924;0.237925194443513
1.327676935077952;0.33666072633845207
1.1443731331870806;0.28995318866258324
1.4568292425435947;0.3703568319511261
1.496816519461842;0.38340666144062696
1.4156979376479863;0.3669406241034886
1.166409312902697;0.30724214243151393
1.443517554741799;0.3880881259321906
1.5363009817715083;0.4233762866383149
1.3120355847711358;0.3721993885872455
1.6286777013000606;0.4775741608189365
1.124584926774583;0.34222328170034105
1.1394345946692936;0.3612232351032436
1.0562030899911263;0.3500755498914655
1.618234928607306;0.5626322948327652
1.6558504285958846;0.6057242599646958
1.5465030875997863;0.5967865675279365
1.4736118530494167;0.6012181939280319
0.9473505777343914;0.40936664029768205
1.689802841506928;0.7743781232840917
1.2426237099533188;0.6043842871905756
1.2866511174911877;0.6643576234955183
1.6631571289085834;0.9114193381639081
1.3875539111900688;0.8063422447543653
1.131088305926549;0.6960806412088952
1.2984953413197213;0.8446598151124401
1.3468819409462283;0.9238937463491652
0.7572111006695652;0.5461805735964337
1.0049025810501697;0.7597435435027677
0.9323321983871171;0.7361669501570003
0.9431917045523496;0.7747665975298431
1.0069152646800266;0.8568775182966798
0.9512623916437114;0.8349891954893411
0.9077714211476894;0.8181720340972412
0.7951606637606089;0.7324849233284173
0.7590227851556509;0.7112764843377242
0.6567791282067182;0.6231641152462181
0.803237069163833;0.7680669553542734
0.7163807551801737;0.687184507222783
0.9756398203654795;0.9346265547322387
0.6792189437736892;0.6469609181567684
0.5658881823858777;0.533685122349708
0.7274658531712377;0.6765421644922276
0.43371088950958664;0.3962182004882241
0.6540287048580554;0.5847838968638007
0.6033399259767578;0.5261763758526622
0.7181301064609752;0.6089009524061518
0.7581963533355585;0.6231653534466728
0.6237139243228007;0.49555448162908394
0.7275628949771056;0.5574051988013404
0.6942596485355473;0.5117193101441219
0.6564814453474369;0.46458141719657225
0.6748923093144223;0.45775033680497274
0.5534982806550919;0.35924900917610086
0.7199633567895032;0.4465906168383061
0.6037733780357014;0.3575458021466735
0.6517528878823576;0.36816363446377093
0.7304318221032758;0.3933522824562117
0.6236104997907445;0.3200402495235333
0.6493971954401853;0.3175676278262176
0.7481957952830164;0.34867476024947114
0.6571239729196179;0.2919276176618195
0.6616439993604377;0.28035965168154636
0.8265205649766679;0.3343067906022655
0.655575080047487;0.2533652628527107
0.9315352308896772;0.34441680357718796
0.9489599100637796;0.3361354190131006
0.962317074027053;0.3270992460615865
0.8624413969056519;0.2818324522995412
0.7581532389684205;0.23867883840494533
0.9451696367826053;0.28730731352431393
0.977532982876966;0.287620827939892
1.1246266068193582;0.3211493308277335
0.9524194303800264;0.26471476817806033
0.9582908001837086;0.26002874482193994
1.3663048926555248;0.36311751780825163
1.081791965343605;0.282550155103564
1.2284549494605204;0.31645453868477125
1.3968616158725042;0.35622196700461295
1.3255332546984457;0.33593064830335406
0.8500681666910572;0.21494942292542318
1.0533012897858964;0.2668325245231762
1.2282232493084702;0.31303090654911886
1.4775985778709677;0.38048798902523495
1.4625594746858714;0.38215848909209404
1.376560521597625;0.3665640117647271
0.7714759566696331;0.21026904190244827
1.4689099403862194;0.4115291045671561
1.2326718714585372;0.35647033726695404
1.2152458350775044;0.3642296979792549
1.7558605932209774;0.5475572063144301
1.2740008028671255;0.41489586118706184
1.3932719915055642;0.4754726720369924
1.3494672952967357;0.4840953359777366
1.3436822909453354;0.5081019259273598
1.7301037922470037;0.6912701962115141
1.0287222821612123;0.43515292921252974
1.5790256519965171;0.708178515079488
1.5795968200850896;0.7518533181724718
1.3997253178893891;0.7073890282614405
1.2296790527340982;0.659776416011673
1.3971826230331652;0.7953750650361331
1.2799342186303426;0.7721648155064877
1.3240559060805173;0.8450723915354265
1.4565621542459735;0.9813543744732369
1.270608860166629;0.9012774308261309
1.0445062309354545;0.7776099153377195
0.652849237357743;0.5083418550876073
1.0548841415923353;0.8558220269553559
0.9888517946023326;0.8324678234465008
0.8501818232938727;0.7394845376931579
0.6506886916435569;0.5821298959817921
0.8606697463557226;0.7883303699445976
0.7990785101230278;0.7458487739790778
0.7970093945311039;0.754514771207309
0.8195581387074835;0.783226967178402
0.6109017754350469;0.5866339734115184
0.9092671897420868;0.8733700508302471
0.799018692221246;0.7642742226895693
0.6345965635323326;0.6018839787169274
0.9230136044836464;0.8644811889343069
0.679647249949889;0.626113763307447
0.6474947227877443;0.5845274231629487
0.8471889543325328;0.7468215364966821
0.5936308478941914;0.5093147050124422
0.6637907864780306;0.5525850338332506
0.7392405766477781;0.5954136473302171
0.583432011391702;0.4534808488005476
0.742767071690063;0.5558177427389188
0.5008322287160999;0.36005078263204787
0.6338953597465041;0.4369853854080304
0.7509828832481144;0.4956197945283577
0.61721485611262;0.3894220437230701
0.7681533669072784;0.4628051783082034
0.7224581417255697;0.4152724652997059
0.6048019361287198;0.33144427357798123
0.8519930990449037;0.4449577738908648
0.6071733791474526;0.30212738506665116
0.6385330353623885;0.30273630068637947
0.7850039500078897;0.354702879970713
0.8454655531776325;0.3642557675192404
0.8424028641149965;0.3462987102490638
0.6887225095996921;0.2703925621561402
0.7079451724916863;0.2657440228045129
0.8317357060821902;0.29891710305500035
1.0902584324035947;0.3757315540221826
0.7544190956760882;0.24975662856117242
1.0618726933572806;0.3383741840633658
0.9460178435920608;0.29080272533141294
0.6036933646451401;0.17944531500007294
0.9043359643172757;0.2606098970115593
