Prey_train;Predator_train
0.9201383766964949;0.7361107013571959
0.9843979890156898;0.8180092533339753
0.8252060942775061;0.7092652150804892
0.8567480084362128;0.7582941572497253
0.762731795754419;0.6920149353599178
0.8844968414592159;0.81880820171642
0.719584673573096;0.6765132455134024
0.7823996879868794;0.7435317103591496
0.759929469235429;0.7266197641621646
0.7163337812116223;0.6860141785931979
0.7493134782351772;0.715538488799016
0.6232752607566046;0.5909194353119879
0.7598999332288254;0.7123278492522782
0.6668729340309777;0.6156238449209995
0.650628902776098;0.5892677638438442
0.5743055957747311;0.5084844741578238
0.6243152530352275;0.5385635231014662
0.6451190568333197;0.5405208367211436
0.6438368671248156;0.5224323798812869
0.6300549452405739;0.4938092133475083
0.7264262418084929;0.5485897060985588
0.5908981044235793;0.4290398863790996
0.6171762071225628;0.43001320421669337
0.7015474354735479;0.46825322186144386
0.5725332976792569;0.365547496170934
0.6676693414321677;0.40728287161890864
0.6939296174737691;0.40403362136484283
0.7149820323019835;0.3970478980183073
0.6685460178530055;0.3539197564321616
0.6999625979675639;0.3531464828295345
0.743527835914748;0.3574904919254025
0.7609418097943919;0.34872691340319023
0.8391967288660361;0.36672627495641374
0.7790478111667785;0.3248336658549161
0.8336442425412607;0.33194554419339695
0.7605692768403242;0.28952069879327186
0.9015983710081137;0.3285250076906902
0.9489984404044952;0.33150353462172744
0.8188015101541464;0.2746715189043011
0.7986855165913044;0.25778586236124296
0.9407810981503019;0.2927830082539234
0.9506347636472393;0.28592954303089024
0.9101531340850415;0.26524589229565837
1.1191887882892062;0.3168926181239247
1.1401998067268901;0.3145812061272816
1.0255936920985655;0.27657879174506783
1.1280108215747022;0.29831456213664814
1.1870234798996346;0.30891416667565863
1.0265165833820589;0.2638342189771624
1.2645873686327855;0.32220684509016456
1.2574409756528766;0.3188509049200091
1.4919605390479473;0.3780224326404019
1.3385271505555905;0.3402819359218773
1.3513548653404797;0.346146939591516
1.253170281559171;0.32481440637487585
1.3952004066228227;0.3675076641709522
1.3829207654471338;0.3717967449804149
1.6051773817220505;0.4423573553182625
1.448205880781612;0.41082829584183356
1.6413202679404313;0.4812813173355714
1.2515729261596358;0.3808670949432911
1.6173832812514217;0.5127423934544528
1.3782693727665443;0.4568235154224619
1.3001057575031998;0.4520242845696375
1.3308578817496344;0.4868392045678657
1.330853043637178;0.5135684669268992
1.1331111214706961;0.4622974635828567
1.2905900303177291;0.5576863698931301
1.5143043647346017;0.6939532490064652
1.3150275661412432;0.6395998980480504
1.1374401124519624;0.5873130638945226
1.3437051056944684;0.7363578562917802
1.3148718257678773;0.7641048690098129
1.3225516444826617;0.8139086859086954
1.1718803993572988;0.7622979073987343
1.1118840471307807;0.7626969273103799
1.1436835530364313;0.8249453005349375
1.2320947718153017;0.9315092482815086
1.09359400794131;0.863498833279433
0.929427993711792;0.7634606632580987
0.9933943455578843;0.8453713151146742
0.8119665218817681;0.7127195175863421
0.8592653214209904;0.7744536118656382
0.8522568137323537;0.7850806702515727
0.9082448761309472;0.8511117650831728
0.7039189601878257;0.667891254748307
0.8418139078470754;0.8049546889663132
0.8094939805438606;0.7765028835537835
0.5891094799438487;0.5643449069081289
0.5734544685592896;0.5462194965278162
0.7061627454543994;0.6659770656769983
0.8188957631445483;0.7615718451611191
0.7505240131891425;0.685644011072102
0.6319771294750286;0.5650670158023327
0.5425708709919277;0.4731793177445918
0.6121245620675279;0.5190190823093851
0.5968989328663403;0.49059420140335563
0.5405273696206017;0.4294609275390158
0.6572118289836768;0.5035073843351597
0.5910397752338667;0.43563883726842484
0.621830480577627;0.44005948373740655
0.6447890441953416;0.4373325908075608
0.5917771993815855;0.3840940070838622
0.7499876871782392;0.4652145983257181
0.7509569161121122;0.44470575006541735
0.6831413945737778;0.3858944445894477
0.8034887584275038;0.4326949175698418
0.580835321924127;0.2980877990717859
0.7746887488312467;0.3788375896869108
0.6543095979545321;0.3049218448353168
0.8499955626589186;0.3776109073112283
0.8099075565921068;0.34318364661343964
0.701648440391433;0.28379915537245776
0.8596544432647089;0.3322374211730054
0.7848523000580219;0.29018367905207204
0.8681643404727161;0.30751645170912995
0.801482316685257;0.27243022969794173
0.7685008515504244;0.25113414124581473
0.7461506032185816;0.23490021554702922
0.9364772796261227;0.2846650600222611
1.051368525421062;0.3093455576931764
0.9979459186232941;0.2849742857094052
0.9673680252343755;0.2688695698287132
1.0053680899131663;0.27280299722593143
1.1557562632849292;0.3071608304788329
1.0805506032788814;0.2822259272897478
1.1378851195666868;0.2931234155122056
1.254705664379591;0.3199699345292358
1.1845023136685764;0.3001890965293293
1.0805823790172817;0.2732375683438107
1.2370139534597955;0.3133724028185384
1.6361293958573544;0.4169918362197199
1.1893957285518908;0.30627451575107867
1.4361933612952567;0.37526917331999365
1.6418334566610358;0.4372034858479968
1.4171982813777235;0.38626339840516744
1.6840492488799432;0.4718024300770513
1.3820692684754403;0.3996738383238952
1.550398037586237;0.46468047260713286
1.3769838228732838;0.42940619437762517
1.556760052564758;0.5069802948451012
1.3961707115061608;0.476461898945
1.551101829273411;0.5564278317783771
1.6610948894013084;0.6281287757830811
1.2662772527620607;0.5059463651242238
1.4905322654314277;0.630500080182602
1.3320074906528052;0.5973931364652328
1.4823494621140423;0.7055657162702982
1.3364093932627605;0.6753906141278434
1.221771210425537;0.6555335138941429
1.4546629002678257;0.8280969000275835
1.1499943517763274;0.6937740733450377
1.2607743035966064;0.8046832093976589
1.327195995430559;0.8941943137149458
1.2270019740846803;0.8703458802236013
1.0750057846503114;0.8003161038501686
0.9282136809878836;0.7227547150407664
1.1108743108322063;0.9012465605502098
1.0006216556002645;0.8423763159230266
0.9787709930543771;0.8513308512079376
0.9437310024673284;0.8442962623392907
0.8471389818321027;0.7759368675033839
0.773809438828156;0.7222629740781791
0.8148334275379374;0.7713884696585733
0.7954318496991769;0.7601702012495726
0.8106489735464474;0.7784463026889399
0.582948670674955;0.5599343250065199
0.7105258028808196;0.679629351583749
0.7542294755520298;0.7153499777622229
0.709273550745965;0.6642953467316882
0.6319672811686915;0.5821893824022373
0.712389030779946;0.6431109162689752
0.6439505095259073;0.5676609763294831
0.7227872198024512;0.6201263983270346
0.603575813077268;0.5024579549527577
0.6423981799787483;0.517412944394804
0.663611642675065;0.5158016103305201
0.6334424221556535;0.4740093505175492
0.5797758543798426;0.41680374814488463
0.7578048142766948;0.5224042481762127
0.6752028010063865;0.44560785733540503
0.688084895082442;0.43413638450900544
0.6298796122261171;0.3794965417162556
0.6321069953701942;0.363338185481037
0.7789564591877419;0.42688464163482615
0.6962168953779873;0.3636028510792799
0.6830565339019586;0.3398865818693476
0.80304096661859;0.3807315175099023
0.6381754797430421;0.28835865168483976
0.7928370046328442;0.34158157071541423
0.8468598215100122;0.3481308960870719
0.9295577804453314;0.3649445261675537
0.8293280508007159;0.31130796706858793
0.8004761528071704;0.2876827469495297
0.9824024164863286;0.3385615516935659
0.9429124598393224;0.3121589025881484
0.9657275482943736;0.3077367684712417
0.9344481117892617;0.28724622841922753
0.9817594935314767;0.2918238826007712
0.9843361400186389;0.28366420246117025
